1000 3904
1 540 70
1 602 91
1 662 91
1 806 12
1 906 66
2 216 15
2 277 65
2 281 5
2 362 16
2 454 93
2 496 79
2 814 24
2 928 14
2 948 89
3 94 46
3 235 30
3 459 62
3 529 93
3 595 98
3 740 93
3 743 100
3 903 23
3 939 80
4 68 53
4 306 44
4 617 55
4 621 31
4 763 94
5 41 85
5 68 28
5 116 30
5 130 49
5 259 53
5 314 32
5 354 6
5 526 52
5 640 40
5 642 46
5 712 86
5 735 74
5 774 74
5 835 76
5 951 20
6 439 28
6 475 87
6 506 7
6 517 65
6 968 7
7 40 60
7 60 1
7 259 61
7 308 87
7 350 53
7 617 86
7 754 42
7 757 37
7 766 48
8 69 66
8 75 83
8 141 73
8 275 66
8 326 41
8 386 34
8 414 24
8 459 14
8 519 86
8 664 24
8 770 8
8 830 44
8 867 22
8 990 79
9 17 41
9 103 81
9 105 29
9 170 43
9 177 91
9 327 67
9 351 32
9 439 72
9 562 38
9 638 94
9 669 36
9 695 67
9 874 15
9 972 92
10 731 7
10 849 53
10 905 46
11 60 75
11 68 69
11 178 70
11 216 98
11 301 3
11 573 94
11 638 73
11 728 40
11 825 31
12 146 51
12 184 83
12 196 54
12 423 85
12 458 83
12 581 89
12 826 69
12 844 5
13 162 47
13 214 86
13 238 66
13 269 50
13 278 81
13 399 93
13 433 39
13 570 34
13 572 30
13 619 30
13 645 76
13 669 56
13 945 83
14 70 54
14 78 3
14 558 97
14 586 61
14 638 17
14 881 81
14 996 27
15 132 40
15 813 98
15 928 82
16 57 12
16 314 7
16 344 68
16 362 74
16 371 50
16 384 20
16 449 63
16 826 4
16 875 70
16 876 37
17 380 27
17 403 62
17 519 38
17 524 33
17 565 52
17 587 10
17 613 2
17 681 12
17 706 38
17 958 96
18 238 79
18 421 42
18 422 67
18 451 95
18 493 84
18 761 87
18 824 27
18 900 91
19 162 57
19 225 22
19 349 48
19 545 19
19 574 14
19 625 41
20 102 78
20 193 5
20 266 23
20 727 40
20 812 36
20 864 84
20 949 8
21 156 55
21 479 43
21 524 94
21 693 50
21 848 46
22 309 76
22 563 66
22 654 14
22 719 6
22 823 30
22 997 6
23 256 75
23 391 58
23 849 23
24 161 92
24 335 80
24 365 15
24 487 77
24 531 72
24 643 61
24 710 64
25 128 32
25 278 29
25 484 17
25 661 65
25 769 53
25 775 64
25 794 68
25 891 15
26 131 24
26 169 16
26 219 45
26 336 21
26 363 82
26 518 3
26 549 75
26 621 76
26 703 5
26 858 76
26 884 68
26 902 37
26 976 27
26 984 64
27 122 91
27 155 65
27 184 13
27 254 10
27 392 97
27 438 35
27 594 62
27 654 76
27 824 71
27 860 75
28 164 91
28 171 96
28 182 23
28 204 30
28 354 100
28 381 17
28 441 55
28 545 33
28 790 86
28 875 91
29 291 11
29 378 12
29 408 74
29 486 95
29 585 15
29 659 17
29 703 82
29 757 37
29 891 55
29 986 25
30 340 54
30 351 26
30 564 2
30 994 27
31 42 3
31 249 4
31 389 30
31 475 51
31 791 15
31 825 60
31 944 22
32 100 55
32 118 46
32 361 93
32 421 76
32 497 83
32 505 90
32 745 63
32 770 74
32 777 56
32 871 1
32 921 83
33 69 26
33 294 76
33 359 54
33 494 61
33 540 71
33 664 36
33 833 54
33 933 43
33 945 80
34 150 14
34 381 93
34 411 62
34 441 90
34 459 13
34 636 32
34 979 24
35 416 50
35 525 85
35 606 17
35 898 77
36 147 88
36 169 55
36 179 94
36 181 94
36 281 35
36 422 29
36 654 54
36 891 98
36 910 1
36 913 60
36 945 6
36 997 36
37 338 36
37 343 15
37 364 75
37 395 57
37 592 62
37 681 25
37 764 90
37 874 27
37 880 53
37 956 18
38 41 86
38 50 47
38 470 76
38 722 7
38 896 82
39 54 100
39 102 62
39 159 39
39 282 31
39 319 85
39 383 89
39 446 35
39 681 72
39 850 95
39 917 44
40 809 77
40 854 56
41 159 30
41 205 5
41 241 86
41 291 58
41 414 47
41 625 10
41 800 51
41 833 53
42 106 72
42 134 90
42 140 80
42 600 95
43 182 3
43 319 49
43 468 63
43 674 97
43 676 19
43 862 28
44 48 71
44 79 14
44 166 40
44 195 16
44 214 49
44 282 47
44 364 26
44 414 6
44 475 84
44 527 71
44 532 50
44 787 67
44 886 85
45 110 81
45 180 33
45 421 59
45 460 82
45 626 65
45 826 74
45 907 17
46 109 72
46 131 64
46 384 8
46 668 64
46 723 95
46 797 92
46 922 67
46 977 4
47 129 21
47 154 61
47 246 99
47 323 92
47 378 72
47 487 20
47 488 41
47 853 24
47 952 78
48 54 69
48 68 16
48 113 53
48 220 38
48 262 93
48 320 38
48 354 30
48 678 37
48 893 68
48 900 58
48 905 83
48 935 66
48 940 25
49 239 19
49 283 43
49 398 56
49 472 90
49 557 16
49 570 66
49 837 35
49 892 27
49 995 65
50 313 64
50 316 3
50 592 99
50 604 61
50 921 11
50 973 32
50 990 4
51 108 42
51 161 24
51 310 93
51 524 88
51 576 73
51 594 13
51 621 13
51 759 67
51 859 81
51 990 14
52 60 69
52 106 17
52 142 2
52 157 73
52 286 73
52 572 98
52 633 44
52 680 22
52 841 78
52 891 83
52 995 54
53 251 51
53 307 25
53 508 58
53 571 6
53 873 92
53 908 10
54 59 11
54 71 65
54 349 1
54 430 84
55 178 17
55 280 78
55 288 95
55 437 66
55 457 9
55 497 7
55 583 9
55 620 50
55 629 13
55 671 87
55 732 75
55 770 70
55 959 40
55 967 39
56 109 88
56 162 93
56 278 100
56 290 3
56 711 50
56 821 79
56 837 75
57 136 95
57 183 85
57 454 47
57 482 88
57 766 18
57 837 74
58 174 86
58 261 60
58 515 13
58 619 43
58 689 21
58 877 23
59 158 33
59 295 80
59 463 95
59 464 25
59 506 64
59 578 81
59 586 53
59 894 4
59 926 10
59 988 97
60 135 70
60 179 50
60 294 95
60 306 32
60 382 62
60 511 55
60 614 41
60 740 45
60 836 12
60 935 16
60 952 87
60 976 84
61 327 52
61 398 93
61 469 95
61 626 62
61 663 68
61 744 23
61 774 92
61 805 43
61 855 95
61 985 22
61 996 64
62 76 50
62 228 29
62 299 57
62 356 34
62 636 15
62 673 58
62 991 81
63 169 54
63 255 16
63 266 93
63 308 57
63 533 99
64 90 42
64 306 61
64 385 33
64 573 63
64 591 84
64 595 23
64 628 65
64 674 87
64 701 96
64 728 68
64 804 60
65 165 88
65 383 65
65 519 69
65 524 82
65 565 61
65 717 18
65 937 15
66 210 87
66 291 13
66 330 70
66 404 39
66 414 76
66 534 54
66 801 27
66 821 71
66 866 27
66 867 77
66 929 55
67 108 64
67 407 99
67 434 68
67 760 74
67 839 94
67 936 21
67 941 92
68 104 91
68 304 12
68 394 4
68 647 82
68 864 80
68 908 96
69 123 76
69 134 42
69 251 76
69 303 96
69 674 18
69 766 98
69 785 42
70 206 63
70 245 86
70 259 39
70 283 19
70 319 56
70 400 90
70 542 76
70 856 65
70 868 53
71 235 62
71 404 68
71 582 97
71 634 65
71 675 95
71 775 94
72 98 78
72 123 36
72 355 11
72 950 62
72 966 72
73 197 42
73 313 29
73 485 74
73 486 3
73 668 95
73 678 63
73 856 34
73 875 61
73 965 21
74 216 95
74 239 37
74 256 29
74 374 1
74 386 61
74 466 82
74 482 95
74 528 32
74 622 3
74 773 76
74 795 88
75 401 52
75 463 20
75 538 10
75 732 37
75 949 42
76 141 85
76 582 52
76 589 40
76 909 76
77 91 56
77 313 56
77 480 16
77 609 25
77 635 90
77 742 1
77 794 70
77 844 83
77 928 37
77 969 23
78 150 81
78 295 27
78 308 36
78 426 17
78 556 19
78 736 49
78 933 30
79 603 69
80 203 92
80 281 51
80 287 54
80 456 27
80 504 18
80 568 84
80 761 33
80 794 44
80 926 10
81 142 71
81 297 74
81 325 69
81 363 60
81 396 27
81 406 74
81 521 70
81 560 31
81 645 24
81 713 57
81 728 96
81 852 6
81 872 86
81 951 8
81 968 43
82 165 33
82 323 34
82 327 15
82 362 91
82 821 14
82 875 40
83 139 22
83 277 12
83 361 6
83 371 64
83 439 27
83 588 26
83 642 14
83 702 99
83 847 92
84 141 83
84 148 96
84 263 81
84 380 31
84 449 80
84 452 35
84 458 74
84 799 80
84 808 59
84 869 24
84 912 2
85 553 26
85 642 78
85 981 16
86 130 63
86 171 91
86 190 6
86 388 14
86 486 40
86 494 44
86 535 69
86 745 32
86 817 67
86 913 22
87 301 99
87 615 94
87 689 66
87 841 89
87 846 55
87 974 62
88 305 3
88 599 69
88 626 73
88 666 4
88 778 55
88 832 71
88 969 47
88 999 64
89 152 62
89 503 56
89 627 12
89 742 18
90 176 87
90 179 29
90 185 40
90 243 53
90 551 88
90 807 61
90 840 95
90 996 21
91 615 56
91 644 68
91 649 21
91 705 52
91 718 98
91 755 51
91 805 23
91 863 43
91 939 86
92 109 30
92 144 82
92 210 2
92 523 58
92 727 96
92 735 48
92 956 67
92 995 86
93 387 87
93 423 62
93 551 16
93 576 2
93 591 16
93 603 93
93 677 92
93 706 72
94 123 81
94 388 54
94 554 85
94 736 38
94 757 42
94 936 30
95 165 16
95 249 14
95 266 47
95 536 46
95 570 58
95 585 4
96 101 21
96 154 92
96 431 15
96 435 36
96 501 76
96 502 20
96 671 79
96 721 12
96 728 45
96 780 65
96 807 68
96 842 45
97 171 31
97 312 52
97 492 38
97 565 64
97 566 31
97 602 62
97 681 84
97 950 87
97 975 88
98 147 2
98 599 77
98 800 43
98 865 35
98 924 22
99 102 98
99 290 74
99 418 6
99 592 99
99 745 87
99 749 30
99 972 91
100 198 44
100 258 98
100 407 28
100 727 78
100 886 6
100 887 97
101 144 35
101 238 85
101 302 53
101 458 59
101 566 2
101 808 94
101 820 78
101 828 74
101 843 99
101 951 58
101 970 70
102 323 98
102 334 26
102 407 45
102 457 10
102 572 20
102 754 97
102 806 2
103 446 63
103 517 42
103 630 85
103 768 32
104 330 76
104 440 45
104 506 70
104 645 36
104 969 85
105 134 3
105 566 40
105 579 68
105 634 85
105 683 53
105 693 93
105 755 67
105 863 14
105 916 93
105 974 58
106 283 84
106 303 54
106 367 47
106 553 14
106 563 27
106 581 78
106 715 7
106 754 52
106 828 64
106 849 1
106 936 91
107 230 42
107 303 70
107 625 11
107 744 34
107 756 83
107 777 74
108 125 5
108 127 15
108 218 57
108 220 68
108 305 17
108 343 70
108 368 20
108 434 100
108 714 99
108 783 96
108 880 62
108 913 54
109 117 13
109 246 76
109 301 80
109 366 1
109 473 74
109 663 57
109 667 85
109 789 10
109 920 15
110 119 90
110 166 1
110 219 28
110 452 58
110 705 75
110 786 11
110 821 44
110 842 39
110 961 56
111 125 26
111 179 38
111 321 96
111 338 14
111 405 79
111 504 31
111 833 35
112 164 39
112 281 64
112 448 24
112 698 57
112 819 79
112 974 64
112 988 21
113 293 88
113 437 83
113 569 4
113 578 96
114 236 89
114 255 11
114 533 93
114 632 76
114 727 25
114 734 62
114 766 88
114 934 46
115 236 80
115 334 26
115 483 94
115 946 22
116 298 65
116 330 61
116 427 30
116 471 47
116 710 65
117 236 38
117 517 73
117 671 39
117 688 75
117 733 62
117 772 38
118 286 24
118 333 80
118 515 87
118 530 71
118 583 40
118 813 53
118 941 4
119 145 71
119 889 79
120 143 31
120 389 19
120 477 20
120 649 72
120 753 24
120 890 64
120 965 68
121 158 66
121 212 67
121 337 21
121 505 15
121 544 53
121 554 94
121 664 92
121 673 8
122 418 36
122 422 60
122 801 98
122 953 52
123 225 96
123 251 66
123 331 75
123 624 12
123 767 24
123 974 9
124 590 69
125 264 66
125 279 77
125 292 61
125 326 90
125 425 72
125 581 45
125 685 99
125 768 54
125 812 41
126 200 96
126 239 79
126 270 29
126 450 72
126 736 24
126 930 59
127 236 99
127 371 64
127 561 14
127 578 37
127 599 89
127 771 53
128 204 49
128 223 88
128 282 49
128 348 9
128 568 44
128 916 70
129 229 25
129 254 39
129 255 77
129 293 30
129 345 78
129 606 84
129 610 83
129 677 60
129 713 34
129 972 76
130 141 29
130 287 78
130 310 69
130 415 68
130 505 29
130 519 83
130 654 16
130 775 62
130 802 44
130 983 65
131 209 39
131 217 18
131 290 50
131 312 100
131 400 96
131 465 83
131 558 60
131 780 18
131 959 41
132 167 74
132 326 76
132 696 28
132 802 58
132 842 26
133 380 28
133 442 54
133 473 72
133 644 38
133 743 54
133 864 86
133 973 95
134 147 48
134 178 23
134 554 14
134 565 77
134 674 97
134 733 32
134 795 9
134 814 60
135 171 7
135 311 6
135 785 3
136 167 14
136 187 44
136 408 91
136 632 23
136 665 27
137 215 61
137 512 70
137 596 37
137 848 10
137 879 89
138 171 64
138 232 42
138 552 58
138 597 53
138 797 28
138 869 18
138 870 12
139 355 62
139 388 82
139 496 21
139 573 3
139 739 1
139 890 11
139 926 8
140 198 4
140 291 63
140 377 78
140 383 63
140 487 18
141 342 46
141 487 68
141 553 86
141 922 59
142 441 36
142 462 8
142 475 11
142 517 2
142 565 68
142 739 1
143 285 46
143 292 83
143 480 38
143 517 29
143 624 51
143 643 18
143 826 7
143 901 26
143 961 23
144 191 94
144 296 45
144 314 22
144 435 32
144 706 27
144 834 70
144 928 92
144 997 39
145 169 97
145 262 80
145 314 47
145 322 89
145 702 60
145 704 82
146 156 9
146 313 57
146 338 41
146 373 30
146 484 30
146 580 47
146 622 52
146 738 51
146 793 79
146 905 51
147 190 95
147 652 45
147 672 2
147 779 18
147 794 12
147 899 32
148 240 58
148 401 98
148 527 46
148 738 84
149 273 3
149 778 51
149 852 67
149 870 28
150 271 44
150 307 57
150 336 44
150 436 14
150 525 3
150 638 10
151 547 72
151 769 74
151 800 1
151 858 64
151 898 80
151 905 17
152 301 82
152 336 8
152 408 36
152 493 100
152 628 55
152 724 60
152 817 96
152 858 96
153 227 18
153 321 40
153 509 14
153 854 75
153 903 63
153 986 55
154 184 53
154 264 24
154 492 94
154 687 95
154 736 94
154 809 88
154 847 3
154 940 80
155 292 71
155 459 29
155 504 69
155 545 15
155 622 72
155 713 65
155 757 33
155 839 65
155 959 52
156 165 28
156 458 16
156 601 57
156 645 28
156 742 85
156 769 65
156 784 68
156 911 69
157 637 19
157 826 47
157 849 51
157 910 41
157 916 3
158 492 95
158 564 23
158 682 77
158 728 59
158 744 60
158 780 80
158 945 28
159 208 33
159 456 74
159 534 76
159 570 17
159 592 1
159 643 29
159 848 76
159 884 7
160 295 41
160 663 35
160 685 35
160 913 43
161 268 70
161 285 56
161 444 61
161 484 11
161 502 15
161 644 17
161 803 44
161 933 51
162 367 98
163 177 25
163 183 15
163 352 12
163 393 2
163 416 25
163 882 24
164 170 26
164 253 46
164 333 50
164 418 43
164 705 22
164 762 17
165 485 50
165 626 52
165 773 40
165 904 11
165 954 24
166 396 66
166 544 7
166 649 1
166 667 21
167 483 71
167 806 2
167 829 35
167 858 29
167 899 68
167 906 89
168 182 72
168 222 36
168 414 46
168 510 31
168 574 55
168 608 22
168 692 25
168 892 76
169 453 45
169 542 38
169 701 62
169 804 77
169 827 82
169 869 41
170 345 50
170 419 59
170 681 30
170 933 67
171 187 92
171 204 54
171 271 66
171 671 81
172 488 30
172 610 95
172 625 75
172 628 80
172 673 6
172 735 23
172 815 93
172 923 59
172 947 19
173 245 49
173 771 52
173 828 86
174 214 61
174 536 63
174 628 54
174 748 92
174 787 50
174 844 74
174 892 75
175 303 22
175 352 98
175 744 50
175 840 82
175 963 79
176 448 68
176 631 44
176 657 18
176 903 65
176 924 85
177 181 73
177 316 90
177 321 93
177 436 33
177 483 49
177 623 42
177 624 92
177 680 57
177 722 65
177 815 98
177 925 45
178 220 52
178 519 26
178 540 65
178 551 54
178 756 99
178 976 57
179 318 61
179 341 60
179 458 90
179 498 69
179 718 49
179 770 97
179 988 97
180 596 14
180 619 96
180 751 12
180 949 12
181 471 72
181 487 91
181 596 99
181 880 32
182 317 39
182 591 12
182 737 91
182 914 41
182 934 56
182 986 97
183 555 88
183 609 62
183 902 52
183 952 49
184 192 61
184 365 55
184 368 74
184 375 51
184 445 24
184 466 17
184 748 12
185 527 7
185 796 20
186 385 50
186 616 95
186 685 42
186 838 100
187 283 77
187 342 8
187 378 73
187 539 5
187 579 60
187 642 65
187 648 89
187 713 96
187 731 96
187 774 67
187 824 7
187 959 25
188 324 100
188 356 79
188 565 2
188 679 73
188 906 72
188 991 42
189 204 42
189 391 12
189 437 76
189 471 18
189 608 89
189 663 73
189 682 33
189 751 70
189 752 60
189 772 56
190 387 55
190 426 1
190 456 75
190 653 24
191 202 85
191 282 52
191 377 93
191 569 10
192 477 2
192 568 91
192 662 88
192 715 100
192 738 16
192 745 7
192 878 8
193 371 66
193 400 17
193 702 36
193 732 42
193 740 11
193 877 74
194 199 82
194 317 74
194 419 100
194 459 75
194 693 55
194 731 34
194 924 72
194 931 25
195 307 29
195 400 37
195 623 57
195 806 39
195 866 73
195 906 76
196 205 61
196 454 36
196 570 17
196 577 60
196 930 11
197 369 71
197 396 63
197 615 85
197 646 38
197 683 56
197 951 65
198 358 75
198 418 84
199 565 66
199 585 59
200 232 50
200 534 34
200 829 6
200 861 82
201 337 47
201 398 59
201 454 43
201 521 73
201 585 6
201 822 36
201 909 13
201 960 76
202 227 80
202 439 94
202 679 18
203 365 95
203 547 81
203 576 63
203 718 20
203 762 78
203 940 69
204 272 93
204 347 20
204 701 89
204 825 45
204 938 82
205 346 74
205 526 83
205 675 24
206 349 59
206 356 30
206 380 59
206 481 22
206 503 47
206 523 6
206 558 40
206 804 18
206 835 86
206 870 24
206 994 66
207 309 82
207 372 79
207 456 13
207 464 28
207 534 31
207 631 80
207 670 1
207 826 36
208 465 62
208 577 64
208 741 49
208 886 16
209 261 98
209 278 41
209 299 73
209 313 100
209 484 86
209 490 34
209 754 17
209 785 75
209 838 43
209 847 64
209 911 41
210 326 23
210 505 90
210 724 87
211 264 8
211 480 70
211 565 28
211 728 69
212 523 39
212 549 78
212 625 70
212 628 14
212 775 91
213 366 17
213 455 69
213 596 49
213 669 59
213 676 35
213 991 16
214 326 24
214 330 9
214 572 28
214 836 44
214 897 66
215 218 42
215 232 50
215 242 76
215 256 8
215 271 80
215 859 91
215 873 48
216 333 3
216 447 29
216 477 84
216 521 33
216 887 61
217 338 49
217 552 1
217 574 27
217 637 53
217 667 90
217 723 29
217 738 8
218 222 41
218 566 13
218 587 69
218 815 34
218 979 81
219 541 100
219 631 43
219 662 80
219 718 1
219 885 27
219 978 76
220 221 78
220 238 58
220 303 38
220 313 47
220 569 27
220 722 63
220 768 54
221 285 90
221 375 27
221 548 44
221 932 98
221 958 88
222 248 68
222 249 61
222 497 7
222 666 59
222 968 40
223 424 35
223 646 36
223 795 23
223 801 60
223 844 32
223 854 63
223 870 28
224 255 25
224 567 93
224 604 78
224 670 76
225 438 29
225 505 49
225 821 80
225 985 19
226 520 94
226 742 8
226 759 8
226 837 56
226 963 71
227 574 77
227 800 6
228 295 62
228 504 65
228 534 20
228 541 15
228 544 94
228 606 43
228 673 29
228 702 67
228 748 80
228 991 17
229 659 9
229 835 9
230 264 2
230 327 73
230 340 29
230 466 85
230 511 24
230 571 84
230 657 7
230 810 38
231 391 66
231 640 22
231 664 46
231 724 30
231 772 100
231 848 27
231 925 100
232 242 98
232 286 94
232 326 43
232 706 65
232 772 34
232 866 89
232 973 28
233 281 74
233 316 52
233 652 83
233 762 48
234 699 52
234 826 40
234 910 1
235 270 67
235 496 16
235 576 57
236 318 100
236 963 1
236 972 81
237 450 43
237 475 79
238 701 49
238 875 35
239 278 27
239 333 69
239 366 51
239 384 76
239 489 75
239 495 61
239 771 20
239 791 21
239 796 79
239 860 2
240 339 89
240 402 25
240 604 26
240 714 81
241 269 39
241 285 36
241 399 12
241 476 36
241 488 33
241 518 73
241 677 27
241 735 22
241 764 7
241 823 98
241 924 13
241 953 50
242 244 7
242 306 46
242 443 41
242 739 56
243 309 61
243 382 63
243 391 56
243 544 38
243 658 25
243 941 21
244 411 7
244 417 84
244 543 19
244 779 90
245 255 18
245 580 26
245 626 68
245 693 79
245 707 98
245 734 2
246 307 65
246 339 45
246 360 31
246 652 63
246 758 86
246 840 9
247 331 98
247 418 37
247 680 20
247 739 13
247 898 11
247 974 40
248 546 53
248 685 40
248 745 95
249 369 48
249 423 80
249 480 22
249 551 78
249 980 13
250 326 75
250 331 78
250 415 32
250 445 33
250 603 33
250 705 41
250 752 28
250 951 14
251 509 43
251 515 12
251 526 22
251 688 19
251 858 46
251 882 6
252 375 72
252 474 63
252 500 99
252 516 20
252 686 40
252 743 17
252 827 15
252 860 94
252 922 83
252 928 84
253 624 40
253 904 57
253 982 82
254 298 59
254 480 96
254 651 94
254 824 52
255 493 69
255 718 22
255 918 71
255 939 46
255 947 22
256 488 26
256 541 58
256 652 73
256 677 21
256 945 84
256 955 34
257 267 19
257 686 39
257 888 18
257 973 65
258 280 62
258 479 31
258 512 88
258 592 16
258 688 49
259 650 47
259 780 29
259 787 12
259 915 36
260 832 61
260 928 77
261 372 84
261 805 2
261 811 92
261 903 95
261 943 34
262 680 41
263 290 4
263 308 57
263 713 69
263 935 32
264 315 87
264 700 45
264 909 86
265 321 52
265 526 74
265 585 9
265 599 3
265 876 26
265 917 80
265 971 91
266 269 65
266 274 3
266 374 46
266 432 94
266 587 99
266 629 93
266 690 39
266 699 65
266 770 86
266 903 12
267 404 47
267 454 13
267 502 5
267 559 80
267 628 17
267 720 65
267 785 12
267 836 81
268 333 3
268 579 61
268 607 99
268 623 54
268 932 27
269 277 23
269 323 98
269 579 1
269 637 33
269 970 61
270 600 100
270 679 7
270 897 44
271 489 6
271 540 62
272 289 53
272 556 19
272 591 25
272 644 6
272 908 38
273 627 2
273 779 94
273 787 10
273 945 46
273 971 26
274 637 96
274 745 28
274 810 31
274 937 46
275 326 98
275 673 28
275 789 16
275 827 3
275 939 13
275 978 69
276 303 4
276 347 70
276 364 39
276 535 60
276 582 61
276 678 58
276 840 12
276 860 32
276 898 42
276 908 91
277 285 99
277 554 93
277 649 58
277 761 67
277 849 78
277 930 52
277 936 48
277 991 91
278 292 15
278 613 41
278 739 24
278 783 21
278 990 61
279 340 68
279 351 30
279 372 45
279 424 55
279 458 75
279 776 82
279 909 47
279 973 25
280 370 57
280 392 61
280 471 39
280 669 2
280 762 75
280 792 49
280 810 79
280 833 31
280 895 2
281 313 70
281 911 50
281 929 78
282 520 22
282 642 38
282 908 33
283 904 3
283 971 62
284 564 52
284 717 52
284 818 40
285 303 96
285 328 19
285 417 59
285 438 47
285 476 70
285 570 73
285 578 65
285 579 29
285 804 21
285 965 61
285 966 13
286 326 11
286 484 39
286 577 20
286 586 100
286 603 73
286 604 30
286 649 13
286 683 4
286 775 71
286 968 5
287 406 31
287 423 45
287 627 31
287 755 95
287 893 99
287 918 6
287 931 1
288 707 35
288 918 34
288 962 84
288 996 48
289 309 43
289 819 43
289 831 67
290 379 58
290 552 85
291 300 26
291 333 95
291 557 69
291 775 16
291 827 3
291 829 10
291 890 54
291 932 3
292 390 70
292 535 54
292 746 92
292 809 9
292 816 100
292 863 35
293 299 96
293 394 46
293 478 42
294 627 94
294 646 61
294 677 19
294 828 51
295 336 24
295 540 52
295 594 19
295 632 44
295 641 38
295 656 46
295 727 70
295 785 39
296 351 93
296 374 22
296 519 98
296 569 78
296 576 60
296 647 23
297 304 74
297 384 64
297 439 71
297 580 33
297 649 49
297 729 42
297 877 61
297 895 76
297 960 4
298 432 79
298 486 58
298 586 100
298 595 8
298 692 24
298 723 89
298 728 25
298 819 20
298 897 38
298 904 23
298 957 8
299 446 97
299 533 15
299 655 36
299 656 55
300 494 59
300 520 26
300 634 61
300 739 19
300 886 4
300 935 12
300 956 88
301 306 28
301 499 3
301 525 49
301 553 63
301 895 48
301 978 17
302 355 82
302 466 22
302 810 17
302 837 49
303 355 66
303 393 15
303 448 8
303 579 23
303 654 17
303 699 8
303 723 61
303 850 33
303 900 64
304 417 90
304 570 51
304 718 45
304 904 50
305 367 13
305 416 97
305 618 23
305 650 11
305 670 36
305 822 20
305 976 79
306 315 70
306 463 67
306 537 15
306 605 42
306 784 12
307 493 37
307 669 68
307 674 80
307 833 75
307 874 18
308 359 74
308 516 69
308 610 43
308 624 16
309 437 8
309 525 82
309 549 37
309 705 96
309 766 18
310 395 17
310 447 16
310 590 62
310 605 21
310 707 44
310 734 96
310 819 3
310 895 76
310 949 40
311 718 35
311 833 8
311 951 93
312 337 92
312 659 31
312 704 38
312 848 34
313 347 63
313 573 71
313 867 51
313 889 71
313 890 49
313 938 18
314 373 65
314 497 53
314 536 42
314 589 51
314 694 87
314 727 60
314 747 26
314 821 41
314 849 48
315 495 1
315 540 54
315 707 23
315 839 34
315 969 21
316 345 79
316 462 63
316 539 80
316 540 16
316 555 73
316 779 94
316 783 31
316 805 13
316 895 14
316 901 43
317 371 88
317 703 99
318 336 10
318 525 44
318 538 82
318 878 87
319 352 30
319 540 7
319 559 56
319 566 69
319 576 98
319 639 31
319 782 72
319 920 31
319 982 62
320 794 68
320 891 9
321 408 98
321 467 17
321 476 12
321 697 8
322 399 74
322 638 18
322 818 60
323 467 100
323 541 48
323 563 32
323 748 27
323 905 71
323 983 93
324 519 5
324 550 14
324 862 98
324 891 18
325 386 73
325 413 71
325 704 50
325 733 85
325 777 24
325 891 15
326 469 43
326 611 93
326 897 42
326 964 77
326 998 85
327 483 60
327 585 27
327 708 7
327 786 29
327 860 72
327 866 29
328 420 89
328 636 47
328 676 57
328 683 26
328 730 26
328 923 40
329 663 66
329 790 18
329 866 47
329 945 61
329 985 43
330 534 88
330 552 82
330 781 92
330 873 85
331 380 70
331 722 82
331 935 80
331 947 19
332 469 16
332 502 48
332 525 52
332 573 93
332 605 38
332 731 30
332 764 40
332 912 73
332 998 39
333 462 68
333 504 57
333 985 42
334 444 10
334 445 13
334 648 50
334 737 79
334 752 89
334 946 85
334 989 54
335 357 2
335 715 83
335 859 70
335 882 34
336 350 56
336 422 35
336 463 48
336 497 98
336 501 34
336 656 75
336 933 73
336 938 75
336 1000 95
337 747 51
337 902 19
337 946 34
338 583 7
338 646 90
338 661 92
338 695 73
338 738 80
338 814 85
339 362 78
339 673 71
339 694 47
339 753 53
340 436 16
340 443 22
340 465 44
340 480 51
340 744 44
340 837 48
340 869 72
340 949 37
341 370 73
341 436 56
341 506 40
341 583 27
341 751 46
341 825 27
342 355 87
342 413 11
342 575 17
342 599 1
342 731 29
342 734 88
343 534 10
343 830 2
343 841 22
343 985 29
344 512 27
344 801 55
344 954 86
345 434 52
345 534 66
345 606 96
345 676 83
346 372 83
346 581 35
346 686 66
346 722 32
346 929 6
346 954 40
347 775 85
347 846 49
347 944 98
348 744 80
349 434 53
349 505 42
349 598 40
349 867 73
350 521 36
350 754 74
350 900 70
351 373 32
351 387 9
351 494 10
351 545 88
351 559 77
351 606 62
351 810 62
351 871 63
352 604 23
352 736 59
352 886 2
352 973 86
353 584 7
353 698 85
353 767 70
353 795 99
353 811 19
354 395 74
354 577 75
354 892 13
354 906 40
355 397 100
355 502 33
355 804 51
355 839 48
356 412 45
356 720 94
356 742 80
356 756 88
356 796 88
356 835 82
357 423 43
357 493 86
357 566 33
357 626 57
357 770 79
357 947 30
358 445 1
358 467 37
358 484 81
358 682 41
358 729 91
358 761 55
358 825 15
358 922 59
358 935 46
358 953 16
358 978 68
358 992 95
359 526 98
359 550 4
359 671 60
359 711 66
359 927 37
359 932 29
359 987 27
360 673 40
360 746 99
360 808 48
361 503 70
361 743 74
362 522 44
362 540 42
362 575 21
362 607 26
362 692 7
362 816 46
363 446 42
363 579 9
363 723 97
363 880 9
363 925 11
364 425 65
364 493 78
364 525 26
364 561 12
364 654 64
364 805 59
364 889 66
365 567 46
365 584 26
365 622 76
365 748 83
365 832 88
365 834 9
365 929 84
365 949 81
366 532 87
366 867 68
367 441 3
367 511 10
367 832 87
367 867 42
367 872 67
367 902 59
368 395 67
368 742 63
368 788 29
369 496 60
370 765 63
370 864 35
370 996 93
371 482 75
371 498 44
371 743 35
371 907 26
372 517 81
372 528 69
372 569 83
372 696 7
372 726 14
372 770 74
372 804 15
372 894 49
373 423 95
373 455 98
373 557 28
373 561 93
373 622 61
374 376 91
374 478 17
374 482 84
374 580 70
374 987 34
375 398 43
375 458 84
375 543 62
375 598 80
375 610 70
375 681 70
375 712 6
375 798 63
375 816 62
375 953 83
377 451 26
377 605 68
377 669 76
377 809 26
377 817 40
378 415 96
378 460 14
378 486 23
378 567 2
378 698 96
378 745 71
379 408 37
379 621 72
380 538 24
380 629 56
380 820 77
380 825 90
380 922 60
381 514 27
381 583 28
381 594 93
381 598 32
381 609 69
381 682 46
381 739 29
381 786 71
381 832 86
381 865 98
382 544 40
382 565 79
382 667 71
382 689 100
382 980 30
383 431 24
383 436 11
383 566 48
383 573 90
383 603 100
383 680 98
383 688 80
383 785 96
384 684 39
384 695 65
384 839 64
384 865 78
385 708 32
385 853 99
385 998 42
386 564 37
386 579 47
386 669 71
386 758 41
386 945 93
387 495 56
387 536 86
387 576 63
387 669 39
387 670 46
387 757 46
387 867 87
388 412 56
388 805 46
388 862 95
389 444 54
389 667 58
389 897 81
389 991 72
390 633 41
390 636 61
390 985 52
391 436 8
391 454 44
391 572 24
391 677 78
391 783 32
391 939 36
392 551 80
392 705 54
392 777 96
392 782 54
392 789 48
392 805 8
393 507 53
393 718 96
393 719 92
393 827 3
393 992 5
394 499 82
394 587 65
394 624 55
394 758 49
394 905 52
394 972 80
395 503 49
395 568 28
395 681 35
395 705 72
395 710 28
395 753 36
395 938 71
396 488 88
396 495 58
396 673 25
396 837 40
396 882 64
397 624 8
397 834 32
398 562 79
398 622 54
398 652 67
398 869 15
399 593 10
399 671 31
399 757 3
399 844 28
400 436 32
400 877 78
400 888 20
400 954 56
401 643 12
401 803 26
401 910 50
401 914 76
401 917 66
402 681 41
402 954 22
402 968 79
403 703 89
403 862 77
403 961 16
404 528 35
404 535 24
404 622 16
404 631 13
404 778 59
405 602 63
405 642 33
405 685 41
405 712 54
406 834 73
407 449 24
407 550 52
407 996 41
408 723 63
408 736 37
409 492 97
409 645 58
409 695 84
409 767 42
409 796 44
409 984 22
410 602 87
410 787 30
410 794 39
410 898 9
411 425 6
411 449 32
411 527 72
411 569 98
411 606 39
411 682 91
412 607 7
412 619 34
412 666 22
412 685 62
412 794 76
413 456 57
413 728 54
413 933 76
414 668 62
414 763 19
414 770 24
414 861 43
414 995 87
415 723 7
415 746 21
415 896 66
416 485 20
416 915 60
416 993 84
417 711 27
417 786 69
417 799 83
418 767 69
418 809 93
418 944 41
418 993 86
419 767 42
419 831 74
419 837 90
419 928 48
420 603 86
420 678 12
420 768 16
420 918 33
420 968 35
421 603 10
421 615 92
421 634 20
421 824 77
421 865 77
421 988 30
422 549 62
422 602 67
422 636 62
422 751 96
422 783 2
422 854 34
423 536 91
423 896 68
424 440 8
424 634 16
424 801 85
424 921 19
424 953 34
425 663 50
425 803 57
425 805 6
425 945 72
426 658 24
426 678 42
426 729 6
426 751 8
426 828 53
426 881 82
426 905 79
427 475 66
427 476 39
427 647 33
427 649 85
427 746 66
427 901 86
428 437 85
428 562 73
428 571 48
428 684 41
428 696 89
428 730 51
428 826 66
429 461 42
429 470 59
429 534 10
429 605 23
429 824 57
429 902 22
430 628 84
430 653 83
430 672 9
430 913 71
431 913 63
432 492 48
432 743 26
432 841 56
433 512 89
433 591 21
433 619 73
434 653 43
434 702 15
434 713 6
434 977 77
434 998 6
435 896 15
435 919 99
435 975 34
436 848 69
436 904 39
437 670 59
437 731 18
438 652 66
438 654 66
438 683 66
438 697 17
438 767 64
438 804 100
438 809 49
438 908 98
439 548 59
439 658 19
440 465 4
440 609 38
440 616 7
440 909 27
440 923 75
441 778 73
441 989 91
442 445 25
442 679 41
442 730 20
442 795 48
442 886 44
442 945 2
442 976 24
443 466 62
443 547 73
443 617 63
443 628 81
443 745 99
443 774 55
443 850 54
443 928 64
444 486 38
444 532 64
444 832 60
444 912 77
444 961 17
444 975 38
445 564 4
445 860 93
445 898 76
445 956 68
446 481 56
446 652 87
446 819 79
446 945 40
447 514 7
447 714 100
447 735 92
447 842 75
448 538 72
448 584 80
448 929 90
449 535 15
449 550 9
449 623 21
449 788 6
449 924 26
449 969 24
450 547 75
450 645 1
450 688 79
450 720 84
450 868 50
450 903 67
451 571 36
451 695 56
451 931 69
451 945 92
452 455 55
452 611 5
452 699 6
452 731 20
452 789 15
452 826 34
452 835 50
452 857 19
452 953 44
453 460 49
453 485 40
453 521 31
453 543 5
453 726 96
453 832 63
453 841 26
453 869 5
453 944 86
453 973 9
454 613 62
454 669 49
454 903 67
454 939 83
455 500 96
455 513 70
455 670 78
455 774 2
455 863 68
456 539 18
456 865 28
456 962 65
457 493 81
457 528 49
457 715 62
457 771 2
457 810 32
458 465 39
459 472 1
459 521 69
460 477 28
460 517 75
460 797 62
460 864 37
460 946 31
461 689 4
461 774 89
461 871 66
461 995 7
462 613 78
462 793 13
462 887 40
463 468 5
463 482 60
463 555 37
463 578 3
463 606 38
463 679 25
463 766 67
463 852 66
463 864 29
463 963 22
464 648 19
464 828 11
464 856 24
464 862 88
464 870 41
465 575 68
465 641 29
465 692 30
465 773 51
466 538 97
466 541 37
466 585 60
466 602 30
466 665 48
466 766 88
467 528 66
467 564 59
467 640 56
467 703 56
467 886 64
468 469 69
468 555 33
468 582 93
469 760 86
469 956 96
470 536 3
471 613 72
471 644 24
471 922 46
472 657 61
472 735 2
472 785 23
472 931 97
473 541 59
473 935 100
474 499 73
474 565 98
474 620 20
475 490 28
475 623 72
475 875 2
476 575 28
476 740 18
476 768 31
476 896 61
476 932 9
476 949 36
477 525 84
477 657 2
477 751 38
477 772 32
478 483 76
478 699 83
478 740 55
478 931 12
478 990 78
479 519 65
479 569 36
479 595 63
479 969 70
480 529 86
480 658 63
480 886 22
481 518 57
481 650 99
481 743 9
481 869 45
481 925 27
482 511 6
482 952 8
483 827 98
483 835 69
483 961 53
484 636 35
484 658 26
484 873 69
484 912 70
485 632 44
485 725 81
485 802 89
485 944 93
486 684 94
486 790 88
486 848 14
486 967 13
487 495 26
487 583 83
487 773 33
487 892 5
487 940 58
488 569 33
488 591 34
488 727 94
488 786 20
488 817 88
488 874 75
488 912 63
488 946 34
489 721 44
489 981 36
490 507 74
490 558 16
490 574 94
490 787 73
490 815 14
490 978 20
491 512 71
491 992 86
492 539 54
492 865 74
492 926 78
493 537 50
493 614 41
493 781 1
494 499 63
494 815 45
494 847 97
494 857 35
495 560 47
495 620 15
495 682 26
495 695 14
495 717 65
495 922 3
496 533 65
496 627 46
496 638 48
496 928 91
497 627 93
497 817 80
498 710 15
498 733 83
498 773 95
498 965 19
499 694 78
499 833 8
499 928 63
499 959 14
500 523 2
500 535 38
500 537 65
500 545 47
500 590 24
500 657 83
500 728 22
500 828 55
500 923 5
500 944 80
501 515 13
501 638 98
501 673 49
501 703 70
501 897 5
501 926 28
502 680 92
502 783 15
502 860 80
502 957 91
502 959 50
503 673 54
503 736 32
503 809 33
503 934 90
504 619 2
504 685 9
504 754 9
505 594 21
505 685 64
505 761 72
505 792 37
505 888 82
506 641 23
506 720 34
506 722 95
506 766 90
506 781 13
506 935 57
507 567 92
507 746 85
507 871 65
507 887 9
508 603 61
509 565 74
509 596 68
509 668 18
510 525 98
510 733 16
510 742 67
510 813 50
510 861 23
510 903 35
511 567 75
511 804 45
511 873 37
512 668 25
513 548 4
513 581 52
513 687 58
513 723 33
513 863 29
513 981 2
513 993 84
514 566 23
514 585 40
514 979 57
515 518 5
515 542 36
515 618 90
515 625 28
515 668 26
515 925 78
516 923 65
516 996 39
517 602 97
517 623 6
517 668 28
517 704 77
517 792 56
518 605 99
519 530 85
519 546 57
519 834 37
519 890 67
519 927 2
520 528 29
520 915 31
520 943 12
520 977 33
521 594 89
521 644 28
521 677 1
521 862 90
521 916 71
522 726 28
522 752 3
522 899 52
522 943 60
523 640 62
523 934 43
523 937 15
523 968 10
524 646 30
524 710 19
524 931 75
525 572 68
525 750 12
525 761 15
525 964 7
525 971 74
526 656 20
526 672 17
527 562 71
528 549 53
528 557 75
528 735 2
528 870 62
529 757 17
529 775 3
529 994 83
530 729 19
530 795 6
530 902 74
530 944 39
531 701 24
531 785 84
531 804 92
532 622 19
532 623 57
532 685 80
533 689 34
533 733 93
533 750 85
533 889 14
533 963 48
533 984 73
534 536 69
534 541 1
534 678 23
534 841 77
534 923 20
535 635 30
535 783 74
535 792 35
536 583 95
537 593 36
537 627 66
537 674 13
537 825 99
537 939 71
538 697 8
538 753 23
538 820 24
539 628 55
539 855 17
539 908 1
540 771 84
540 820 39
540 877 3
540 882 92
540 883 89
540 899 30
540 904 90
540 975 27
540 990 44
541 637 45
541 720 53
541 802 91
541 811 10
541 830 20
542 640 93
542 761 95
542 818 23
543 567 25
543 666 81
543 912 23
543 913 12
543 925 70
543 946 76
544 610 31
544 945 36
545 737 42
545 762 93
545 899 69
545 900 97
546 575 44
546 593 79
546 601 90
546 628 35
546 664 59
546 674 9
546 698 48
546 750 41
546 973 38
547 600 94
548 834 79
549 580 77
549 839 40
550 566 9
550 664 87
550 666 94
550 942 97
551 625 7
551 684 31
551 738 5
551 772 100
551 808 72
552 569 86
552 580 80
552 653 73
553 684 67
554 627 75
554 673 11
554 728 6
554 885 35
554 920 62
555 558 68
555 878 29
556 860 30
557 574 83
557 815 36
557 964 20
557 981 4
558 682 11
558 994 36
560 607 10
560 683 22
560 779 32
560 854 5
560 891 55
560 928 73
561 644 55
561 659 3
561 740 82
561 790 67
561 846 41
561 895 8
561 993 31
562 876 65
562 878 54
562 880 37
562 883 32
562 931 33
562 933 55
562 1000 60
563 575 58
563 671 26
563 768 49
563 909 3
563 944 52
565 633 93
565 642 98
565 662 63
565 766 6
565 853 4
565 970 46
567 630 40
568 675 26
568 892 52
569 580 77
569 688 73
569 866 74
570 635 1
570 797 30
570 856 41
570 871 51
571 936 18
572 830 30
572 949 44
573 972 90
573 988 43
574 580 53
574 611 45
574 866 64
574 929 54
575 653 7
575 821 70
575 930 24
575 964 97
576 744 43
576 999 71
576 1000 24
577 589 54
577 640 34
577 641 31
578 675 49
578 731 66
578 812 86
578 930 19
579 780 78
579 829 5
579 977 76
580 656 40
580 697 54
580 761 62
580 844 64
580 974 100
581 723 18
581 825 63
581 958 28
581 960 6
581 970 94
582 796 64
582 831 2
582 886 77
583 797 24
583 810 36
584 905 10
585 588 58
585 838 39
585 942 87
586 623 94
586 939 54
586 996 47
587 625 67
587 700 73
587 764 71
587 897 75
587 961 72
588 599 4
588 820 75
588 857 8
588 864 99
589 599 43
589 700 73
589 750 16
589 755 32
590 595 2
590 622 9
590 668 92
590 910 69
590 919 61
591 620 28
591 639 97
591 766 76
591 773 81
591 945 69
592 772 22
593 630 86
593 731 32
593 755 60
593 847 22
594 616 65
594 813 5
594 883 57
595 627 27
595 642 44
595 682 21
595 810 96
596 685 12
596 730 41
596 952 72
597 654 37
597 656 70
597 965 57
599 605 96
599 692 72
599 798 61
599 800 34
599 822 69
599 916 60
599 998 60
600 810 15
600 823 83
600 935 44
600 952 9
601 659 51
602 724 29
602 885 13
602 997 12
603 646 34
603 662 100
603 781 19
603 880 83
603 949 35
604 628 53
604 677 33
604 745 64
604 869 12
604 962 51
605 626 66
605 637 52
605 831 87
605 846 36
606 634 66
606 740 96
606 823 48
606 874 39
606 896 6
606 949 6
607 983 63
608 733 79
609 752 31
609 794 23
609 855 6
610 670 100
610 827 20
610 852 96
611 707 75
611 816 37
612 752 46
612 975 51
614 671 56
614 800 66
614 917 59
614 955 34
615 724 23
615 971 8
616 696 50
616 742 30
616 796 51
616 917 100
617 781 2
617 854 97
617 945 15
617 971 99
618 682 20
618 827 91
618 830 86
618 991 64
619 833 27
619 867 52
619 868 31
619 943 35
620 928 65
620 968 54
621 830 83
621 873 56
621 891 25
622 933 37
623 762 45
624 863 70
624 877 5
625 805 38
625 925 11
625 946 60
626 646 60
626 981 45
627 899 46
627 999 18
628 784 39
628 829 50
628 984 41
629 756 57
629 823 60
629 903 48
629 929 72
629 961 81
630 750 88
630 993 65
631 632 25
631 667 35
631 729 49
631 733 88
631 740 15
631 778 73
631 799 90
631 876 76
631 882 38
632 761 48
632 908 67
632 911 28
633 648 89
633 848 39
634 804 84
635 641 77
635 696 53
635 823 32
635 908 83
636 916 1
637 666 16
637 743 61
637 841 11
637 919 5
637 985 76
638 726 64
638 757 81
638 880 44
638 902 75
639 740 27
640 689 38
640 714 79
640 719 4
640 772 51
640 992 73
641 703 3
641 778 84
641 871 70
641 899 44
642 671 20
642 990 40
643 721 14
643 733 32
643 828 29
643 947 21
644 694 30
644 842 26
644 935 37
645 665 13
645 939 61
645 990 17
646 701 32
646 702 7
646 924 4
646 926 31
647 653 45
647 654 60
649 795 73
650 659 55
650 755 34
650 876 63
650 915 49
651 790 74
651 900 37
651 922 37
652 887 70
652 977 28
652 978 22
654 694 38
654 771 97
654 861 74
654 888 24
654 905 1
654 998 50
655 727 17
655 812 12
656 997 84
657 678 11
657 679 28
657 896 38
657 937 35
657 943 4
658 709 67
658 713 72
658 925 84
658 983 44
659 788 4
659 814 42
659 885 32
659 984 20
660 765 64
660 826 77
660 988 20
661 668 92
661 736 65
662 831 36
662 959 24
664 895 16
664 967 18
665 861 14
666 684 37
666 704 5
666 705 31
666 728 60
666 759 45
667 842 51
668 741 87
668 770 36
668 844 49
668 871 97
669 716 74
669 859 92
669 892 41
669 956 97
670 795 32
671 997 21
672 863 90
672 955 20
673 777 38
673 803 75
673 824 27
674 704 33
674 772 4
674 852 23
674 920 63
674 934 77
674 960 4
675 745 97
675 872 69
675 913 5
676 680 92
676 689 84
676 756 28
676 941 60
676 989 73
677 730 6
678 719 3
678 774 58
678 806 59
678 850 19
678 860 78
678 874 23
679 760 76
679 848 76
679 966 57
680 735 5
680 924 56
680 996 18
681 881 79
681 972 81
682 698 67
684 705 54
684 744 34
684 977 37
686 926 86
686 935 12
686 941 48
687 856 62
687 975 34
689 722 33
689 785 15
690 701 17
690 735 74
690 810 71
690 904 100
690 998 7
691 776 67
691 815 63
691 848 77
691 927 63
692 919 86
692 936 45
692 970 84
692 998 92
693 791 30
693 894 56
693 914 41
693 971 60
694 741 70
695 769 74
695 830 4
695 906 74
696 943 88
697 910 76
699 700 81
700 828 67
701 794 58
701 815 47
701 1000 64
702 780 96
702 948 92
703 746 10
703 873 89
704 825 35
704 932 95
704 985 58
705 796 28
706 834 94
706 928 47
707 763 34
707 925 95
707 971 68
708 723 89
708 779 78
708 802 76
708 813 46
709 740 70
709 802 12
710 720 72
710 732 90
710 854 19
710 865 77
711 950 72
712 820 18
712 964 2
712 974 65
712 975 11
713 729 22
713 814 83
714 719 54
714 772 46
714 885 72
714 995 16
714 999 93
715 718 20
715 747 51
716 758 25
716 771 7
716 838 39
717 758 17
717 889 46
718 867 94
718 873 37
718 909 80
718 929 59
719 942 69
720 987 18
722 723 98
722 818 52
723 760 33
724 946 48
725 749 67
725 865 44
726 985 59
727 768 10
728 920 41
728 974 31
729 840 62
729 876 14
729 888 99
729 894 67
729 951 92
729 970 95
730 859 43
730 868 28
730 892 17
732 743 26
733 947 13
734 746 29
734 792 81
734 800 75
734 833 50
734 845 61
735 876 63
736 765 84
736 791 54
736 855 24
736 865 52
737 790 21
737 846 72
737 868 63
737 929 71
738 741 48
738 772 39
738 805 1
738 806 84
739 887 12
740 812 12
741 823 24
741 868 17
741 934 96
741 975 76
742 802 11
742 814 71
742 815 98
743 855 84
743 863 62
743 960 100
743 986 40
744 841 91
744 947 69
744 994 96
745 904 75
745 945 83
746 857 27
746 881 34
746 949 92
747 775 87
747 840 24
747 890 75
747 941 51
748 858 67
748 984 23
749 764 20
749 948 38
750 826 25
750 939 88
751 821 70
752 761 16
752 895 32
753 797 46
753 876 50
754 808 26
754 822 66
754 866 29
754 914 56
755 832 43
756 796 93
756 957 13
757 795 55
757 834 89
758 871 12
758 901 21
758 957 48
759 858 64
759 898 2
760 789 86
760 819 98
760 912 32
760 953 68
762 774 99
762 885 41
762 928 15
765 793 13
765 942 89
766 786 47
766 930 47
766 980 43
767 814 52
767 825 36
769 884 52
769 890 27
770 793 32
771 908 58
771 946 27
772 801 30
772 821 20
772 895 75
772 970 84
773 919 59
775 873 72
776 891 88
777 948 28
777 964 85
778 950 2
778 971 60
779 805 24
779 839 66
779 866 19
780 907 90
781 824 38
781 906 88
781 914 95
781 973 57
781 976 59
782 887 83
782 924 1
782 935 50
783 886 92
783 975 96
783 995 49
786 812 10
787 870 12
787 936 49
788 841 46
790 802 65
791 837 31
791 969 26
791 992 35
794 895 54
795 964 26
796 954 97
796 979 10
797 908 81
797 973 73
797 979 6
798 921 56
799 810 76
799 961 19
801 856 100
801 903 77
806 937 19
807 858 21
807 973 37
808 857 18
808 935 22
808 949 2
808 991 33
809 860 18
809 955 26
809 998 37
810 874 18
810 992 8
812 898 24
813 821 48
814 842 58
817 892 54
818 830 35
818 893 4
818 933 57
819 850 21
820 882 67
820 908 74
820 942 57
821 824 43
821 922 46
822 848 4
822 877 89
822 880 19
823 828 18
823 884 52
823 906 44
824 848 27
825 880 47
825 949 48
826 838 35
826 917 12
826 927 21
826 941 14
827 856 8
827 891 40
827 900 22
828 924 31
828 986 95
828 988 84
829 958 34
830 865 39
830 920 85
831 853 23
831 910 89
832 835 51
833 870 40
833 984 18
834 849 31
834 994 14
835 906 85
837 893 56
838 907 1
838 926 30
840 939 19
841 857 13
841 867 55
842 898 46
842 907 90
843 908 29
844 887 10
844 990 36
846 902 14
848 923 96
850 903 7
851 865 45
851 879 24
851 920 91
851 955 92
852 918 70
852 936 49
852 966 91
853 948 65
853 974 5
856 893 92
856 987 21
857 859 2
858 867 86
858 973 86
858 998 69
860 883 43
862 870 87
862 910 94
862 996 10
863 920 35
863 921 48
863 983 54
866 869 15
867 921 99
868 918 4
869 952 54
870 881 38
872 920 52
872 935 46
872 973 83
873 925 56
874 934 34
874 949 37
874 954 17
875 976 82
876 904 47
879 965 6
881 903 1
881 942 12
883 999 58
885 904 68
888 918 90
888 974 46
889 965 97
889 969 20
891 973 32
892 992 45
894 948 76
895 928 13
898 955 25
898 969 87
900 939 97
902 946 49
903 913 77
903 995 37
906 1000 43
907 919 14
908 938 96
908 946 28
909 919 53
910 931 1
910 968 69
910 988 52
912 956 5
912 963 63
912 969 81
914 926 35
916 929 54
917 992 57
918 970 77
925 999 1
926 951 34
927 996 73
928 986 29
929 944 15
932 971 16
934 948 34
937 992 53
938 996 74
940 956 64
942 992 50
945 986 81
948 961 75
950 995 3
952 960 66
953 996 38
955 995 5
961 972 23
962 987 65
964 986 66
965 992 18
967 989 10
