2000 7944
1 50 67
1 141 60
1 342 40
1 434 12
1 488 44
1 814 38
1 872 68
1 1181 88
1 1247 11
1 1609 51
1 1658 4
1 1899 78
2 92 96
2 544 54
2 594 74
2 719 27
2 1859 16
2 1980 59
3 40 63
3 97 40
3 229 24
3 394 17
3 567 75
3 756 13
3 824 45
3 1128 66
3 1407 79
3 1498 31
3 1820 53
3 1833 17
4 583 54
4 1689 40
4 1901 64
5 507 43
5 589 93
5 787 55
5 906 69
5 1062 52
5 1194 45
5 1257 48
5 1540 69
5 1582 7
5 1783 71
6 47 44
6 135 92
6 299 8
6 311 70
6 595 6
6 833 41
6 1540 1
6 1602 94
7 21 89
7 89 78
7 214 58
7 571 84
7 880 17
7 891 30
7 1526 7
7 1984 17
8 729 23
8 908 46
8 923 29
8 1559 27
9 173 8
9 266 23
9 870 53
9 1124 55
9 1679 27
9 1972 54
10 72 83
10 474 66
10 546 41
10 587 24
10 809 43
10 992 94
10 1201 71
10 1356 49
10 1847 4
11 372 72
11 438 85
11 949 21
11 1857 9
11 1970 37
12 474 24
12 507 61
12 531 69
12 764 13
12 1067 8
12 1115 55
12 1189 44
12 1788 92
13 17 68
13 158 3
13 262 81
13 370 9
13 429 33
13 513 19
13 796 62
13 942 100
13 1062 42
13 1073 29
13 1084 44
13 1130 60
13 1794 47
13 1857 36
14 272 13
14 973 77
14 1096 45
14 1462 57
14 1726 30
15 61 26
15 98 75
15 231 46
15 454 4
15 771 39
15 879 57
15 939 25
16 21 37
16 128 74
16 1232 23
16 1891 16
17 123 6
17 455 89
17 702 77
17 870 9
17 1481 63
17 1527 16
17 1567 27
18 19 97
18 361 28
18 518 5
18 1614 33
18 1952 11
19 123 28
19 314 86
19 1038 11
19 1401 39
19 1491 51
19 1534 77
19 1546 5
19 1825 32
19 1922 65
20 170 89
20 442 85
20 992 35
20 1040 67
20 1384 23
20 1582 82
20 1621 61
21 91 58
21 139 21
21 523 51
21 973 3
21 1099 6
21 1146 71
21 1300 69
21 1550 13
21 1574 60
21 1950 56
22 210 31
22 709 84
22 861 20
22 1176 62
22 1250 68
22 1331 6
22 1459 15
22 1673 60
22 1985 34
23 29 30
23 67 80
23 218 78
23 517 86
23 582 20
23 843 8
23 969 51
23 1005 80
23 1046 82
23 1337 19
23 1527 29
23 1693 79
23 1709 53
23 1934 43
23 1983 7
24 272 78
24 946 78
25 356 3
25 398 30
25 835 99
25 854 81
25 1188 18
25 1688 81
25 1804 90
25 1813 3
25 1870 88
26 264 17
26 324 88
26 466 13
26 504 63
26 678 84
26 1266 1
26 1406 46
26 1427 41
26 1535 30
26 1698 5
26 1838 19
27 294 14
27 669 73
27 780 80
27 1079 50
27 1186 52
27 1223 27
27 1292 84
27 1456 60
27 1464 21
28 158 48
28 197 54
28 586 85
28 905 30
28 1365 14
28 1602 94
28 1606 90
28 1986 92
29 383 43
29 417 5
29 713 34
29 722 75
29 998 33
30 481 15
30 795 46
30 908 10
30 1080 40
30 1640 64
30 1661 99
31 283 99
31 1224 33
31 1429 89
31 1516 41
31 1739 33
31 1865 56
32 221 50
32 262 87
32 644 32
32 876 37
32 998 56
32 1373 66
32 1633 49
32 1836 87
32 1934 51
33 633 4
33 818 64
33 935 76
33 1479 90
33 1573 27
33 1787 14
33 1961 24
34 109 97
34 125 83
34 553 27
34 1306 24
34 1406 41
34 1880 49
35 188 8
35 1570 36
35 1921 69
35 1952 10
36 78 33
36 792 50
36 1189 88
37 105 58
37 147 41
37 312 30
37 319 72
37 494 31
37 755 65
37 810 87
37 1133 78
37 1214 37
37 1241 9
37 1521 54
37 1824 20
37 1931 38
38 103 92
38 688 50
38 1024 92
38 1175 98
38 1657 45
39 273 91
39 331 7
39 382 43
39 695 48
39 1320 59
39 1476 22
39 1514 96
39 1616 51
39 1660 10
40 84 17
40 266 62
40 478 49
40 502 31
40 1060 53
40 1632 1
40 1988 43
41 392 72
41 805 51
41 1029 73
41 1151 36
42 408 25
42 421 18
42 735 89
42 1268 32
42 1642 22
43 154 80
43 264 22
43 506 99
43 578 98
43 613 75
43 723 58
43 743 19
43 934 35
43 1063 22
43 1102 84
43 1114 29
43 1298 41
44 306 57
44 388 5
44 1439 18
44 1960 65
44 1996 20
45 152 73
45 192 45
45 194 88
45 704 76
45 745 44
45 931 62
45 959 47
45 1384 22
45 1870 13
45 1939 35
46 120 15
46 162 50
46 478 49
46 615 64
46 787 57
46 921 70
46 1000 25
46 1350 92
47 61 3
47 128 54
47 170 16
47 209 78
47 267 26
47 494 10
47 1410 14
48 684 41
48 1032 57
48 1096 100
48 1234 73
48 1351 26
48 1575 69
48 1616 16
48 1800 64
48 1959 82
49 66 18
49 480 26
49 527 5
49 744 67
49 925 91
49 1343 15
50 80 75
50 580 52
50 773 15
50 1351 19
50 1694 48
50 1875 64
50 1942 55
51 159 51
51 261 6
51 415 54
51 501 54
51 556 66
51 1560 21
51 1635 52
51 1649 78
51 1984 26
52 279 27
52 1287 45
52 1317 70
52 1481 21
52 1614 93
52 1844 49
52 1863 5
52 1978 78
53 77 61
53 302 58
53 668 22
53 1285 87
53 1666 99
53 1722 12
54 111 54
54 510 45
54 748 94
54 870 5
54 1161 13
54 1232 57
54 1469 91
54 1558 12
54 1765 72
54 1830 34
55 186 27
55 355 76
55 697 39
55 800 25
55 1466 91
55 1891 25
56 289 75
56 570 8
56 644 24
56 1253 92
56 2000 41
57 774 13
57 803 22
57 890 76
57 1195 10
57 1274 80
57 1991 28
58 110 19
58 704 29
58 962 64
58 1167 78
58 1614 48
58 1667 6
58 1994 39
59 288 77
59 429 50
59 802 43
59 1032 21
59 1235 13
59 1504 76
59 1720 27
59 1836 2
60 138 77
60 166 42
60 730 40
60 1382 90
60 1796 90
61 317 7
61 347 8
61 501 60
61 849 96
61 859 7
61 1059 78
61 1120 16
61 1373 56
61 1837 73
62 127 64
62 188 75
62 354 29
62 476 98
62 745 9
62 776 74
62 812 34
62 1264 88
63 134 28
63 633 55
63 813 17
63 852 52
63 934 22
63 946 20
63 1743 85
64 107 46
64 115 5
64 207 6
64 390 74
64 421 69
64 1395 5
64 1716 45
65 125 33
65 604 70
65 1043 51
65 1063 70
65 1149 8
65 1665 40
65 1755 77
65 1896 23
65 1940 99
66 219 67
66 616 23
66 783 49
66 1250 17
66 1338 1
66 1451 75
66 1595 72
66 1712 98
66 1868 16
67 320 2
67 879 76
67 925 18
67 1307 45
67 1451 62
67 1471 33
67 1658 70
67 1690 59
67 1893 35
68 261 22
68 568 27
68 577 53
68 946 93
68 978 6
68 982 43
68 1334 98
68 1367 70
68 1374 66
68 1406 72
68 1432 12
68 1713 21
68 1771 17
68 1772 20
68 1952 78
69 482 72
69 983 81
69 1100 17
69 1309 62
69 1501 39
69 1512 62
69 1650 83
69 1786 9
69 1807 95
70 124 57
70 403 63
70 543 33
70 1635 38
70 1855 99
71 164 36
71 502 4
71 668 25
71 863 40
71 927 38
71 1247 80
71 1336 75
71 1481 95
71 1551 25
71 1732 54
71 1737 2
71 1807 85
71 1897 30
71 1994 50
72 240 20
72 778 61
72 802 16
72 1008 69
72 1547 26
73 104 76
73 274 61
73 429 84
73 521 31
73 650 77
73 754 13
73 767 92
73 1491 33
73 1819 33
74 537 74
74 729 44
74 1032 29
74 1565 6
74 1753 35
74 1884 79
75 273 77
75 432 76
75 537 80
75 635 89
75 761 15
75 900 63
75 963 72
75 1157 58
75 1193 9
76 129 27
76 340 68
76 662 20
76 1109 14
76 1122 73
76 1246 21
76 1461 1
76 1950 12
77 485 79
77 518 78
77 897 86
77 1091 28
77 1502 29
77 1649 66
77 1835 25
78 387 21
78 501 78
78 605 30
78 613 75
78 779 41
78 1420 73
78 1527 25
78 1644 76
78 1765 50
78 1835 71
79 182 78
79 718 71
79 885 1
79 997 98
79 1342 15
79 1554 53
79 1574 27
79 1866 48
80 110 60
80 126 28
80 227 30
80 470 62
80 571 95
80 626 8
80 750 58
80 874 53
80 932 72
80 973 45
80 1362 55
80 1372 1
80 1996 57
81 508 70
81 776 81
81 1122 32
81 1124 74
81 1241 12
81 1255 19
81 1463 48
81 1661 100
81 1776 65
81 1830 100
81 1872 81
81 1983 97
82 928 52
82 1076 9
82 1152 70
82 1774 77
82 1792 89
83 123 57
83 251 47
83 639 51
83 945 61
83 1186 9
83 1650 64
83 1726 9
83 1740 51
84 97 40
84 226 80
84 356 20
84 599 63
84 868 47
84 1334 17
84 1917 42
85 1675 49
86 391 75
86 536 26
86 538 9
86 898 15
86 1360 10
86 1416 100
86 1676 47
86 1919 56
87 239 8
87 480 91
87 518 73
87 682 14
87 1226 79
87 1916 79
88 1083 34
88 1212 83
88 1257 85
88 1491 88
88 1589 70
88 1600 38
88 1963 31
88 1992 17
89 142 2
89 156 91
89 281 96
89 434 96
89 440 18
89 646 14
89 747 65
89 1619 40
89 1790 32
90 859 74
90 899 30
90 1075 74
90 1387 30
90 1565 60
91 158 39
91 451 39
91 1486 87
91 1722 36
91 1818 40
91 1993 51
92 122 51
92 466 86
92 598 96
92 907 97
92 1748 92
92 1952 9
93 770 54
93 1015 97
93 1227 80
93 1466 24
93 1862 69
93 1952 46
94 176 69
94 216 31
94 612 59
94 656 72
94 879 46
94 883 41
94 1407 51
94 1612 99
94 1760 1
94 1857 72
95 257 47
95 801 45
95 804 3
95 1225 40
95 1490 66
95 1934 37
96 785 95
96 929 40
96 1041 76
96 1546 25
96 1617 3
96 1798 12
97 1166 81
97 1212 32
97 1277 63
97 1557 80
98 473 39
98 580 6
98 930 100
98 955 33
98 1696 96
98 1795 65
99 570 41
99 737 51
99 808 67
99 1200 22
99 1209 32
99 1323 44
99 1330 46
99 1460 98
99 1810 6
100 269 67
100 567 64
100 577 56
101 1259 80
101 1670 26
101 1876 51
102 389 38
102 705 49
102 904 29
102 1033 62
102 1074 96
102 1106 100
102 1252 20
102 1342 60
102 1431 99
102 1470 71
103 133 9
103 592 68
103 990 10
103 1347 60
103 1615 26
103 1873 38
103 1924 77
103 1989 22
104 622 36
104 751 62
104 862 53
104 863 36
104 890 44
104 1540 60
104 1700 7
105 195 24
105 229 9
105 804 92
105 1495 95
105 1653 2
105 1715 24
105 1982 21
106 298 75
106 356 37
106 636 92
106 716 59
106 898 35
106 945 45
106 947 20
106 986 36
106 1670 87
106 1923 61
107 226 67
107 411 13
107 832 79
107 989 46
107 1010 70
107 1211 64
107 1508 80
107 1815 70
107 1900 89
107 1933 57
108 109 96
108 161 60
108 1200 13
108 1350 7
108 1397 22
109 163 29
109 364 98
109 839 21
109 966 63
109 1196 86
109 1423 61
109 1598 95
109 1998 10
110 194 34
110 684 9
110 882 86
111 244 41
111 539 31
111 1668 55
111 1820 68
112 642 94
112 1026 61
112 1525 9
112 1652 38
113 366 26
113 733 99
113 927 69
113 1193 55
114 281 55
114 539 42
114 573 25
114 625 43
114 895 43
114 1320 59
114 1447 42
114 1759 69
114 1778 24
115 550 89
115 588 28
115 814 26
115 931 96
115 1176 57
115 1229 42
115 1359 19
115 1411 66
115 1960 60
115 1981 26
116 278 73
116 413 87
116 417 73
116 468 34
116 486 24
116 489 76
116 534 44
116 979 23
116 1158 53
116 1207 90
116 1292 99
116 1606 43
117 663 100
117 1140 85
117 1637 89
117 1775 84
118 646 75
118 751 56
118 1328 53
118 1549 39
118 1676 33
119 229 78
119 314 72
119 701 72
119 750 30
119 777 67
119 798 33
119 1007 78
119 1061 95
119 1131 43
119 1339 41
119 1381 37
119 1820 100
119 1900 83
119 1977 17
120 244 23
120 324 6
120 814 55
120 1209 91
120 1380 99
120 1383 21
120 1396 69
120 1930 68
121 148 94
121 212 88
121 380 77
121 510 99
121 1040 5
121 1314 93
121 1938 62
122 188 67
122 349 42
122 656 8
122 960 67
122 989 40
122 1160 4
122 1622 45
123 235 28
123 509 75
123 1110 19
123 1215 79
123 1243 61
123 1711 97
123 1792 76
124 131 85
124 889 21
124 1021 70
124 1150 17
124 1156 94
124 1306 43
124 1748 14
124 1800 81
124 1926 81
125 839 89
125 928 65
125 989 46
125 996 30
125 1110 92
125 1139 36
125 1334 3
125 1407 97
125 1732 79
125 1937 20
126 247 85
126 271 65
126 299 78
126 321 74
126 383 66
126 599 43
126 607 73
126 773 17
126 1473 9
127 473 8
127 497 8
127 810 45
127 894 32
127 1123 81
127 1284 65
127 1321 60
127 1525 32
127 1609 5
127 1816 91
127 1952 100
128 455 53
128 752 18
128 777 54
128 1272 47
128 1665 93
129 462 37
129 687 6
129 1571 55
129 1706 57
129 1738 62
130 527 81
130 633 100
130 767 72
130 1430 62
130 1692 56
130 1718 36
130 1746 36
130 1872 35
131 227 21
131 686 74
131 713 23
131 1099 20
131 1261 20
131 1623 20
131 1640 55
131 1792 54
131 1860 21
132 523 33
132 529 6
132 1095 79
132 1659 87
133 320 3
133 410 62
133 737 94
133 751 55
133 856 75
133 1364 8
133 1449 21
133 1503 33
133 1572 59
133 1875 48
133 1991 77
134 235 63
134 272 32
134 1330 42
134 1591 39
134 1728 12
134 1806 50
134 1871 67
135 149 82
135 219 23
135 410 76
135 628 55
135 778 9
135 788 30
135 906 49
135 1003 36
135 1061 93
135 1459 72
135 1557 73
135 1864 72
136 176 77
136 200 99
136 856 71
136 1005 44
136 1315 67
136 1395 18
137 667 10
137 783 71
137 910 23
137 918 78
137 1000 7
137 1049 65
137 1087 67
137 1542 64
137 1566 54
137 1734 57
137 1736 85
138 159 14
138 603 71
138 899 88
138 1388 26
138 1428 32
138 1758 71
138 1851 55
139 659 33
139 904 49
139 989 38
140 237 90
140 293 13
140 1093 37
140 1231 45
140 1549 28
140 1597 14
141 278 13
141 285 16
141 865 73
141 948 25
141 1563 12
141 1591 12
141 1620 35
141 1875 5
142 278 32
142 306 19
142 308 54
142 734 29
142 830 43
142 843 60
142 1234 48
142 1369 9
142 1644 83
142 1795 39
142 1853 58
143 197 87
143 381 58
143 523 94
143 676 92
143 881 23
143 1424 25
143 1648 51
143 1772 61
144 243 83
144 351 100
144 377 35
144 437 37
144 605 64
144 1272 85
144 1455 11
144 1951 34
145 175 31
145 551 21
145 618 78
145 1272 76
145 1375 72
145 1493 93
145 1827 34
145 1954 18
146 159 45
146 521 23
146 554 48
146 639 91
146 669 11
146 1108 35
146 1189 16
146 1765 8
146 1891 72
147 1432 53
147 1644 97
147 1646 75
147 1708 51
147 1890 82
147 1898 41
148 404 93
148 409 8
148 919 46
148 1298 13
148 1699 18
149 156 70
149 1365 63
149 1520 71
149 1812 99
149 1940 27
150 810 45
150 1070 52
150 1595 80
151 597 33
151 1158 7
151 1191 83
151 1229 66
152 914 83
152 1094 86
152 1303 39
152 1693 21
152 1872 9
153 564 84
153 1120 62
153 1295 71
153 1298 77
153 1543 19
153 1932 63
153 1950 72
154 282 25
154 604 96
154 635 27
154 665 63
154 891 94
154 1476 91
154 1521 67
154 1670 14
154 1770 31
155 491 17
155 566 81
155 710 3
155 1276 41
155 1666 37
155 1679 81
156 571 13
156 607 53
156 1016 64
157 220 2
157 490 15
157 616 37
157 1082 46
157 1102 28
157 1201 86
157 1423 53
157 1819 57
158 646 97
158 1231 39
158 1391 88
158 1397 60
159 302 61
159 471 60
159 698 41
159 1599 43
159 1638 8
159 1787 3
160 203 95
160 671 92
160 712 33
160 938 82
160 1022 70
160 1124 72
160 1545 36
161 531 92
161 1074 59
161 1553 56
161 1720 7
162 245 72
162 451 22
162 980 23
162 999 17
162 1333 1
162 1545 73
163 192 56
163 661 47
163 1018 11
163 1102 48
163 1191 97
163 1524 61
163 1534 17
163 1713 82
164 170 48
164 314 89
164 498 7
164 1198 12
164 1311 73
164 1347 30
164 1844 100
165 336 67
165 418 76
165 774 9
165 945 44
165 1613 54
165 1938 34
166 286 35
166 518 74
166 1302 45
166 1632 62
166 1728 91
167 258 95
167 278 80
167 342 65
167 1130 85
167 1684 24
167 1740 9
167 1810 78
167 1935 15
168 413 77
168 419 68
168 992 44
168 1027 28
168 1744 42
168 1923 7
169 501 77
169 735 21
169 1157 13
169 1691 69
169 1994 99
170 286 5
170 414 3
170 550 94
170 672 59
170 686 72
170 1085 86
170 1426 53
170 1490 7
170 1562 90
170 1842 20
170 1978 35
171 264 83
171 419 13
171 497 6
171 543 20
171 644 25
171 1255 23
171 1347 74
172 578 69
172 600 9
172 1586 66
172 1744 89
173 1333 53
173 1737 42
173 1810 92
174 669 100
174 677 23
174 766 13
174 820 58
174 1256 3
174 1383 48
174 1394 10
174 1410 35
174 1632 22
174 1648 7
175 792 31
175 907 63
175 1041 65
175 1272 37
175 1456 39
175 1988 1
176 342 89
176 736 70
176 972 15
176 989 14
176 1299 74
176 1307 59
176 1635 16
176 1776 14
176 1860 9
176 1883 43
177 286 81
177 613 62
177 870 58
177 888 97
177 1153 95
177 1600 8
177 1617 86
177 1733 87
178 431 63
178 493 93
178 930 30
178 1660 90
178 1758 73
178 1933 18
179 331 44
179 569 69
179 1135 74
179 1361 19
179 1492 34
179 1652 11
179 1897 64
180 329 13
180 1213 47
180 1256 12
180 1319 5
180 1582 35
180 1994 2
181 246 86
181 474 96
181 850 36
181 1122 98
181 1134 2
181 1321 16
181 1460 26
181 1517 69
181 1605 49
181 1722 65
182 522 44
182 607 81
182 1133 65
182 1322 91
182 1563 39
183 350 52
183 484 62
183 513 86
183 1374 77
183 1599 96
183 1919 67
184 302 82
184 554 83
184 604 84
184 1665 32
185 302 37
185 336 88
185 402 7
185 1529 4
185 1540 99
185 1587 56
185 1746 36
185 1809 26
186 353 25
186 592 67
186 743 54
186 753 36
186 1472 86
186 1798 21
186 1920 25
187 255 79
187 355 21
187 865 15
187 940 29
187 981 71
187 1097 13
187 1122 93
187 1171 2
187 1442 100
188 324 25
188 1121 49
188 1297 86
188 1437 38
189 281 17
189 500 76
189 584 22
189 962 39
189 1009 46
189 1134 69
189 1184 3
189 1191 35
189 1567 39
189 1662 58
189 1956 35
190 306 13
190 1021 18
190 1200 11
190 1219 61
190 1664 51
190 1726 78
190 1792 50
190 1851 34
190 1930 58
191 487 95
191 1143 80
191 1595 15
191 1908 16
192 229 81
192 739 11
192 873 79
192 997 5
192 1216 98
193 977 21
193 986 18
193 1047 62
193 1225 65
193 1603 12
193 1867 13
194 263 22
194 417 34
194 442 99
194 678 30
194 876 74
194 922 79
194 961 80
194 999 77
194 1004 37
194 1345 37
194 1413 25
194 1429 77
194 1585 79
194 1605 68
194 1651 45
194 1853 21
195 204 26
195 899 93
195 1392 63
195 1642 9
195 1725 24
196 285 35
196 516 30
196 567 2
196 678 50
196 917 55
196 1271 51
196 1285 24
196 1341 76
196 1541 53
196 1822 50
196 1939 39
196 1973 29
197 274 28
197 995 80
197 1061 37
197 1084 59
198 395 74
198 475 20
198 645 25
198 872 7
198 1019 90
198 1049 48
198 1166 36
198 1344 71
199 286 33
199 359 72
199 524 58
199 791 61
199 805 7
199 864 67
199 1068 49
199 1339 28
199 1492 27
200 423 81
200 480 26
200 918 74
201 485 76
201 585 83
201 1074 62
201 1405 40
201 1953 100
202 699 73
202 718 71
202 742 24
202 906 50
202 923 42
202 1208 84
203 1000 88
203 1054 8
203 1103 5
203 1229 8
203 1290 69
203 1291 37
203 1364 31
204 329 13
204 362 78
204 506 58
204 585 64
204 850 9
204 896 16
204 1076 63
204 1162 6
204 1366 56
204 1502 6
205 782 10
205 996 94
205 1091 71
205 1193 18
205 1370 95
205 1515 93
205 1757 65
206 738 22
206 864 48
206 1482 96
206 1557 65
206 1821 37
206 1960 57
207 267 30
207 974 49
207 1613 71
207 1704 22
208 383 49
208 746 3
208 1618 77
208 1795 61
208 1857 84
209 715 37
209 927 18
209 1053 87
209 1963 67
210 345 81
210 622 40
210 1021 46
210 1182 31
210 1815 61
210 1918 37
210 1920 82
211 419 12
211 511 72
211 632 40
211 637 75
211 1197 69
211 1331 52
212 219 76
212 616 86
212 709 56
212 1040 67
212 1524 78
212 1794 34
213 738 86
213 843 20
213 1210 9
213 1352 18
213 1497 24
213 1578 84
214 397 23
214 431 78
214 485 5
214 591 56
214 639 39
214 659 16
214 966 73
214 1006 54
214 1808 44
214 1932 19
215 826 48
215 1120 25
215 1229 47
215 1476 81
215 1525 93
215 1865 59
216 641 67
216 668 86
216 829 48
216 992 98
216 1091 10
216 1471 80
216 1821 96
216 1906 47
217 507 28
217 656 2
217 1170 55
217 1397 63
217 1721 93
218 278 46
218 1023 80
218 1940 35
219 810 86
219 860 85
219 1331 13
219 1519 10
219 1528 1
220 294 22
220 313 11
220 579 22
220 651 84
220 842 93
220 891 46
220 1505 82
220 1535 60
220 1727 87
220 1764 27
220 1854 44
221 454 100
221 487 45
221 618 40
221 808 12
221 866 16
221 907 30
222 465 7
222 801 78
222 1001 86
222 1230 53
222 1284 86
222 1363 51
222 1481 20
222 1535 65
222 1610 6
222 1849 33
222 1957 42
222 1981 76
222 1983 53
223 244 58
223 1130 68
223 1218 63
223 1338 20
224 474 25
224 1078 79
224 1296 85
224 1961 5
225 825 2
225 828 88
225 853 66
225 1134 77
225 1697 7
225 1888 47
226 573 52
226 589 39
226 696 81
226 1265 93
226 1597 93
226 1709 45
226 1716 9
227 555 25
227 810 18
228 1273 6
228 1763 97
229 239 44
229 571 50
229 574 8
229 677 4
229 724 95
229 764 58
229 768 99
229 1185 33
229 1361 34
229 1396 10
229 1408 59
229 1589 36
229 1706 92
229 1953 8
230 256 5
230 259 85
230 543 44
230 642 72
230 1004 35
230 1564 7
230 1749 4
230 1899 33
230 1998 89
231 270 35
231 504 90
231 551 36
231 1151 79
231 1786 9
232 437 40
232 438 75
232 630 75
232 682 95
232 866 85
232 938 40
232 1066 14
232 1243 7
232 1677 35
232 1727 10
232 1835 31
233 294 7
233 632 29
233 646 35
233 1026 28
233 1097 48
233 1159 32
233 1166 77
233 1474 50
233 1680 31
234 357 39
234 364 47
234 781 18
234 1047 91
234 1097 12
234 1336 10
234 1435 94
234 1453 59
234 1486 81
234 1711 76
234 1777 59
234 1820 2
234 1985 39
235 606 87
235 708 20
235 1394 78
235 1514 4
235 1690 51
236 290 98
236 356 5
236 596 77
236 902 78
236 1056 94
236 1522 50
236 1530 89
236 1708 21
236 1974 25
237 399 63
237 1187 73
237 1682 61
237 1696 67
238 257 37
238 734 48
238 843 92
238 946 54
238 1221 14
238 1595 86
238 1627 76
238 1779 43
238 1783 98
239 474 80
239 566 27
239 584 42
239 746 10
239 870 82
239 1008 46
239 1030 69
239 1153 59
239 1180 80
239 1259 38
239 1803 91
239 1911 98
240 561 10
240 666 14
240 781 51
240 1703 54
240 1834 95
240 1981 16
241 666 9
241 698 3
241 723 48
241 986 94
241 1198 40
241 1202 73
241 1285 46
241 1496 40
241 1506 41
241 1548 5
242 643 72
242 991 93
242 1000 20
242 1113 87
242 1314 64
242 1468 19
242 1479 62
242 1847 54
243 334 67
243 509 46
243 520 26
243 561 81
243 575 54
243 1729 30
243 1805 92
243 1897 6
244 383 50
244 436 14
244 585 85
244 1141 44
244 1223 88
244 1475 28
244 1664 57
244 1922 8
244 1978 51
245 278 98
245 416 83
245 502 99
245 1436 9
246 1428 66
246 1778 94
247 292 23
247 335 2
247 744 26
247 1057 49
247 1146 37
247 1230 58
248 878 52
248 941 27
248 995 37
248 1227 35
248 1423 49
249 744 96
249 901 4
249 1069 27
249 1948 23
250 476 60
250 611 33
250 891 52
250 1419 65
250 1510 85
251 285 82
251 637 39
251 798 39
251 1561 3
251 1875 81
252 660 14
252 825 68
252 1314 41
252 1700 14
252 1834 20
253 332 21
253 370 65
253 438 16
253 513 19
253 773 39
253 790 14
253 824 71
253 825 95
253 851 90
253 1069 71
253 1516 46
253 1579 72
253 1615 87
254 425 29
254 547 9
254 596 21
254 610 13
254 756 12
254 906 56
254 1216 46
254 1884 92
254 1913 54
254 1959 56
255 470 95
255 805 6
255 954 90
255 996 33
255 998 36
255 1134 80
255 1268 13
255 1442 43
255 1467 12
255 1494 50
255 1503 71
255 1531 23
255 1708 88
255 1745 35
256 307 11
256 377 89
256 811 75
256 1292 69
256 1425 1
256 1460 20
256 1582 55
256 1933 41
257 293 21
257 401 80
257 1224 90
257 1388 11
257 1525 27
257 1766 84
258 563 86
258 911 6
258 1076 98
258 1623 70
258 1778 33
259 618 6
259 667 29
259 942 27
259 1164 2
259 1302 79
259 1364 61
259 1531 66
259 1786 16
259 1984 42
259 1985 58
260 273 28
260 284 3
260 347 33
260 455 81
260 713 65
260 1110 71
260 1175 61
260 1685 71
260 1687 33
260 1963 1
261 312 73
261 360 25
261 475 1
261 951 83
261 1257 99
261 1331 14
261 1676 92
262 310 73
262 630 68
262 778 87
262 1377 80
263 559 45
263 721 92
263 961 93
263 1038 78
263 1191 41
263 1801 94
263 1914 59
264 374 82
264 1026 62
264 1548 4
264 1624 20
264 1814 20
264 1850 53
264 1963 13
265 517 26
265 1022 43
265 1568 1
265 1643 85
265 1864 51
265 1883 15
265 1966 3
265 1980 46
266 408 31
266 801 6
266 987 88
266 1194 25
266 1525 65
266 1892 63
266 1930 1
266 1967 37
267 296 17
267 1383 97
268 567 48
268 758 21
268 1388 88
268 1532 92
268 1614 59
268 1644 13
268 1708 89
268 1870 20
269 330 46
269 462 94
269 513 8
269 775 94
269 1012 12
269 1161 50
269 1338 73
269 1718 93
269 1968 86
270 494 29
270 826 12
270 925 36
270 1100 14
270 1299 56
270 1308 60
270 1617 42
270 1642 44
271 315 34
271 613 47
271 662 28
271 667 73
271 730 4
271 753 67
271 996 7
271 1284 39
271 1385 50
271 1389 15
271 1705 48
271 1721 21
272 502 71
272 697 77
272 706 65
272 743 19
272 967 63
272 1471 34
272 1517 47
272 1840 53
273 960 53
273 1283 24
273 1352 63
273 1490 36
273 1870 61
274 1226 18
274 1307 55
274 1323 27
274 1927 12
275 391 91
275 406 44
275 664 93
275 835 54
275 881 94
275 966 100
275 969 70
275 1387 60
275 1439 5
276 459 96
276 491 18
276 907 80
276 945 29
276 1071 35
276 1348 60
276 1515 70
276 1707 34
276 1990 26
277 327 5
277 485 29
277 635 64
277 720 37
277 778 1
277 903 98
277 961 97
277 1096 25
277 1457 5
277 1461 48
278 926 30
278 933 7
278 1075 26
278 1134 34
278 1418 74
278 1747 45
279 905 68
279 1487 29
279 1655 67
279 1985 22
279 1988 13
280 327 100
280 415 4
280 528 23
280 807 34
280 899 29
280 1267 32
280 1473 97
280 1477 77
280 1762 84
280 1873 37
281 551 56
281 753 33
281 962 87
281 968 88
281 1109 88
281 1184 44
281 1365 35
281 1443 33
281 1568 31
281 1686 28
281 1895 78
282 387 14
282 598 56
282 839 84
282 841 84
282 1208 22
282 1476 92
282 1503 1
282 1728 100
283 449 85
283 451 17
283 1026 67
283 1083 39
283 1204 88
283 1351 28
283 1719 62
284 309 9
284 1607 85
284 1807 83
285 448 87
285 567 65
285 700 54
285 1561 97
285 1603 92
285 1851 59
285 1977 37
286 1219 62
286 1248 13
286 1397 37
286 1417 53
286 1548 81
286 1597 23
286 1761 73
286 1796 97
287 714 86
287 1140 18
287 1421 55
287 1462 8
287 1467 77
287 1512 79
287 1558 83
287 1733 33
287 1835 86
288 352 24
288 504 36
288 846 90
288 1421 77
289 674 20
289 765 89
289 937 95
289 1648 48
289 1869 57
290 496 91
290 563 85
290 639 80
291 310 26
291 416 33
291 641 88
291 1010 48
291 1239 14
291 1436 68
291 1667 80
291 1871 55
292 354 66
292 749 80
292 1015 71
292 1547 16
292 1556 25
292 1863 16
293 396 86
293 637 4
293 842 10
293 1070 78
293 1116 66
293 1214 29
293 1687 68
293 1781 27
293 1784 8
294 575 61
294 757 44
294 773 24
294 1180 74
294 1573 62
294 1875 17
295 350 15
295 488 52
295 701 94
295 1408 64
296 441 49
296 739 57
296 1177 33
296 1387 68
296 1464 29
296 1789 66
297 346 63
297 376 11
297 1010 34
297 1129 9
297 1227 96
297 1535 23
297 1732 94
297 1752 58
298 372 56
298 412 58
298 551 39
298 691 95
298 716 57
298 1085 34
298 1161 6
298 1175 46
298 1212 54
298 1587 59
298 1976 94
299 595 73
299 755 95
299 877 35
299 902 91
299 949 73
299 1366 93
300 624 19
300 648 84
300 853 80
300 1231 76
300 1780 55
301 465 87
301 599 70
301 1147 100
301 1187 41
301 1221 92
301 1365 57
301 1606 4
301 1641 62
301 1981 2
302 453 81
302 598 64
302 952 73
302 1039 83
302 1561 7
302 1793 15
303 377 48
303 429 90
303 566 70
303 743 44
303 827 49
303 925 94
303 1343 96
304 342 35
304 412 82
304 485 51
304 599 85
304 673 17
304 834 86
304 1431 25
304 1813 92
304 1881 48
304 1898 83
304 1957 56
305 737 16
305 779 3
305 1077 12
305 1205 13
305 1437 55
305 1716 78
305 1840 22
305 1900 57
305 1916 6
305 1952 34
306 310 85
306 363 40
306 466 23
306 498 22
306 1464 55
306 1610 70
306 1652 79
306 1805 29
306 1840 79
307 322 15
307 440 2
307 474 70
307 822 70
307 892 6
307 1287 90
307 1383 9
308 452 26
308 691 29
308 724 20
308 820 64
308 1085 83
308 1169 4
308 1410 14
308 1557 81
308 1598 7
308 1650 3
309 1258 91
309 1504 11
309 1728 58
310 609 96
310 618 15
310 773 85
310 1036 98
310 1294 38
310 1312 65
310 1845 48
311 343 66
311 394 40
311 398 26
311 797 49
311 1166 90
311 1308 99
311 1684 41
311 1853 74
311 1923 7
312 448 90
312 465 12
312 562 85
312 694 97
312 1003 44
312 1054 92
312 1128 99
312 1365 94
313 1080 27
313 1272 78
313 1475 42
313 1643 68
314 525 32
314 631 3
314 681 63
314 822 48
314 1137 59
314 1208 59
314 1779 58
315 396 100
315 431 13
315 633 98
315 717 28
315 845 73
315 889 63
315 954 50
315 1134 92
315 1276 65
315 1725 55
315 1973 59
316 1061 74
316 1137 90
316 1199 77
316 1270 25
316 1414 91
316 1833 22
316 1834 84
317 517 93
317 735 11
318 923 40
318 1008 45
318 1179 22
318 1204 32
318 1276 66
318 1610 19
318 1667 28
319 349 64
319 815 74
319 1143 8
319 1402 85
319 1411 49
319 1547 68
319 1659 2
319 1881 84
320 366 66
320 902 48
320 1612 39
321 478 80
321 576 5
321 659 42
321 754 38
321 856 15
321 1031 27
321 1091 47
321 1307 14
321 1316 29
321 1419 46
321 1900 24
321 1902 77
321 1971 82
322 800 8
322 1206 7
322 1293 84
322 1496 8
322 1586 78
322 1669 92
322 1916 68
323 867 46
323 997 46
323 1082 64
323 1108 52
323 1258 74
323 1493 8
323 1495 20
324 386 73
324 459 18
324 470 92
324 492 97
324 509 70
324 578 19
324 1192 47
324 1225 56
324 1228 33
324 1337 34
324 1339 51
324 1703 60
324 1731 1
324 1823 11
324 1888 91
325 378 68
325 503 1
325 871 5
325 1505 29
325 1572 40
325 1576 36
326 410 91
326 491 88
326 692 42
326 1050 19
326 1233 91
326 1341 40
326 1348 86
326 1420 22
326 1427 88
326 1701 36
326 1965 85
327 810 81
327 879 78
327 1300 3
327 1645 99
328 1453 36
328 1557 82
328 1581 39
329 1211 84
329 1264 45
329 1629 27
329 1675 77
329 1700 39
329 1729 72
329 1827 78
329 1977 55
330 724 13
330 871 66
330 997 48
330 1020 14
331 1185 61
331 1314 12
331 1457 91
331 1844 53
331 1985 4
332 491 89
332 1163 90
332 1757 25
332 1803 42
332 1828 78
332 1841 78
332 1865 1
333 486 52
333 638 8
333 1005 5
334 633 32
334 840 58
334 1087 53
334 1113 83
334 1559 71
334 1862 97
335 408 25
335 421 52
335 647 2
335 952 25
335 963 82
335 1228 50
335 1295 20
335 1808 87
335 1850 41
336 502 85
336 725 96
336 901 22
336 1042 44
336 1234 29
336 1480 84
336 1559 81
337 531 25
337 602 83
337 612 2
337 1282 21
337 1640 36
337 1677 10
337 1861 25
337 1984 38
338 1268 87
338 1426 9
338 1571 37
338 1574 91
338 1670 30
338 1851 20
338 1905 48
339 838 96
339 897 9
339 1106 84
339 1189 61
339 1651 46
339 1893 88
340 441 8
340 687 10
340 1097 42
340 1475 95
340 1529 45
340 1788 20
340 1800 72
341 467 26
341 621 90
341 1146 34
341 1278 59
341 1352 47
341 1588 99
341 1655 29
341 1667 61
341 1711 29
341 1749 56
342 900 67
342 1090 54
342 1297 4
342 1828 72
342 1912 49
342 1928 76
342 1960 76
343 389 47
343 750 63
343 1074 93
343 1816 77
343 1856 6
343 1883 68
343 1908 96
344 424 71
344 436 26
344 544 15
344 659 40
344 744 33
344 1232 57
344 1281 93
344 1285 58
344 1565 98
344 1673 64
344 1858 18
345 763 73
345 883 62
345 1147 94
345 1236 68
345 1737 77
345 1882 49
345 1900 80
346 355 2
346 555 62
346 831 53
346 928 53
346 964 36
346 1147 50
346 1534 35
346 1712 32
346 1788 22
346 1899 35
346 1986 13
347 479 46
347 616 62
347 1083 76
347 1569 70
347 1638 20
347 1650 74
347 1652 94
347 1867 57
347 1872 17
347 1897 93
348 493 91
348 496 31
348 941 18
348 1042 99
348 1164 13
348 1260 87
348 1405 58
348 1481 11
349 500 14
349 841 57
349 1659 71
349 1816 82
349 1983 48
350 551 59
350 1112 66
350 1120 59
350 1585 80
350 1962 16
351 463 70
351 850 39
351 1231 26
351 1661 100
351 1968 8
352 517 61
352 566 64
352 779 69
352 924 65
353 588 11
353 612 83
353 822 13
353 836 47
353 838 95
353 919 41
353 1848 65
353 1941 18
354 378 7
354 617 27
354 795 30
354 1485 91
354 1624 37
355 1083 22
355 1355 77
355 1387 52
355 1534 1
355 1749 53
355 1970 68
355 1971 100
356 388 48
356 395 50
356 433 21
356 524 64
356 1166 62
356 1553 88
356 1719 55
356 1867 61
357 742 8
357 792 71
357 944 41
357 1328 23
357 1393 10
357 1602 54
357 1650 58
357 1954 23
358 424 4
358 641 77
358 803 15
358 827 43
358 1165 3
358 1309 73
358 1371 78
358 1612 100
358 1626 71
359 441 14
359 782 69
359 1020 2
359 1057 31
359 1137 26
359 1436 12
359 1709 94
359 1731 22
359 1764 86
359 1775 28
359 1892 2
360 926 19
360 1140 85
360 1302 75
360 1784 38
360 1875 88
361 542 83
361 807 93
361 1041 90
361 1072 12
361 1458 76
362 1204 50
362 1625 97
362 1703 82
363 596 39
363 648 90
363 1084 35
363 1197 96
363 1244 33
363 1304 99
363 1434 11
363 1489 84
363 1644 99
363 1969 16
364 380 45
364 1304 81
364 1693 21
365 606 54
365 789 93
365 821 79
365 996 42
365 1516 55
366 984 14
366 1024 28
366 1077 38
366 1093 26
366 1187 61
366 1212 99
366 1736 51
366 1866 28
366 1952 44
367 480 92
367 487 100
367 500 12
368 426 23
368 1044 73
368 1200 46
368 1250 62
368 1311 23
368 1766 16
369 1034 17
369 1178 91
369 1329 9
369 1358 30
369 1686 7
369 1691 61
369 1965 63
370 384 85
370 629 55
370 673 18
370 1335 74
370 1467 91
370 1539 38
370 1796 20
370 1808 27
370 1851 71
371 486 26
371 619 92
371 762 96
371 857 64
371 953 40
371 986 3
371 1039 80
371 1211 73
371 1605 68
371 1805 82
372 404 77
372 978 87
372 1598 91
372 1868 50
372 1875 63
373 483 42
373 668 45
373 747 73
373 752 24
373 924 99
373 960 47
373 1152 35
373 1368 92
373 1383 98
373 1437 17
373 1644 99
373 1874 87
373 1955 50
373 1970 36
374 506 16
374 719 40
374 766 90
374 829 1
374 962 4
374 1202 69
374 1241 54
374 1567 41
374 1637 59
374 1740 100
374 1884 33
375 969 97
375 1352 14
375 1926 7
375 1995 12
376 624 7
376 1013 96
376 1397 45
377 1123 6
377 1199 7
377 1223 24
377 1250 69
377 1481 92
377 1963 84
378 1157 79
378 1165 31
378 1272 49
378 1541 56
378 1700 51
379 586 59
379 631 81
379 720 67
379 986 84
379 1105 35
379 1318 54
379 1813 58
379 1851 40
380 644 84
381 534 55
381 699 6
381 1583 23
381 1890 83
382 489 17
382 544 81
382 756 10
382 908 46
382 1598 59
382 1731 36
383 615 90
383 1355 43
383 1664 94
383 1858 74
384 554 15
384 1137 33
384 1435 50
384 1632 5
384 1720 26
384 1723 47
384 1906 100
385 645 1
385 855 43
385 1367 97
385 1389 54
385 1499 79
385 1593 77
385 1654 65
385 1903 40
385 1935 96
386 394 61
386 708 74
386 860 94
386 1115 30
386 1523 98
386 1791 75
386 1976 72
387 471 91
387 645 89
387 716 36
387 995 13
387 1016 47
387 1057 10
387 1099 27
387 1178 76
387 1556 16
387 1596 64
387 1824 54
388 475 18
388 604 61
388 609 64
388 794 65
388 1322 41
388 1332 79
388 1655 76
388 1815 69
388 1876 24
388 1907 98
389 642 12
389 1145 19
389 1214 99
389 1294 54
389 1312 68
389 1572 55
390 546 92
390 605 28
390 756 29
390 1226 52
390 1273 65
390 1395 40
390 1850 70
390 1865 75
391 423 58
391 710 43
391 843 95
391 1007 8
391 1405 13
391 1471 9
391 1620 22
391 1647 37
391 1707 42
391 1813 81
393 1326 16
393 1631 98
394 535 97
394 654 12
394 773 99
394 976 8
394 1396 83
394 1458 15
394 1620 49
395 676 77
395 909 47
395 1727 37
395 1883 52
396 572 42
396 735 98
396 965 26
396 1212 3
396 1363 77
396 1502 88
396 1833 10
397 410 95
397 907 60
397 1117 69
397 1726 94
397 1882 11
398 802 81
398 829 90
398 973 68
398 1274 27
398 1378 95
398 1546 26
399 662 23
399 822 27
399 1261 67
399 1345 42
399 1425 26
400 610 37
400 1116 41
400 1238 38
400 1575 72
400 1961 13
401 456 15
401 606 10
401 830 32
401 896 71
401 1372 5
401 1705 27
402 404 78
402 557 92
402 644 26
403 996 66
403 1062 72
403 1362 3
403 1385 78
403 1488 32
403 1790 89
403 1906 77
404 439 45
404 830 43
404 932 40
404 970 81
404 1174 9
404 1413 79
404 1731 32
404 1744 2
404 1782 55
405 510 33
405 753 79
405 757 40
405 869 5
405 996 96
405 1158 7
405 1588 18
405 1684 73
406 502 49
406 539 49
406 559 94
406 733 70
406 1039 87
407 443 95
407 798 38
407 1148 39
407 1374 57
407 1507 76
407 1781 25
407 1792 38
407 1829 98
407 1858 74
407 1917 38
408 461 36
408 773 99
408 793 18
408 1421 55
408 1528 2
408 1859 21
409 412 43
409 604 3
409 675 20
409 697 91
409 988 92
409 1014 98
409 1413 33
409 1603 31
409 1759 57
409 1830 69
409 1860 61
410 584 41
410 887 76
410 979 72
410 1271 81
410 1901 11
410 1926 28
411 1166 18
411 1330 31
411 1631 93
411 1743 95
411 1851 64
412 1215 31
412 1255 46
412 1877 67
412 1950 99
413 744 91
413 851 61
413 1223 80
413 1362 17
413 1383 24
413 1470 15
414 1426 55
414 1582 53
414 1895 57
414 1945 69
415 576 78
415 1518 47
415 1752 5
415 1968 58
416 679 12
416 952 80
416 1304 40
416 1357 82
416 1423 38
416 1615 91
417 663 46
417 745 79
417 868 34
417 1188 57
417 1468 81
417 1756 53
417 1761 74
417 1806 25
417 1951 92
418 606 34
418 1725 26
418 1844 64
419 1339 85
419 1368 14
419 1641 68
419 1732 31
420 467 33
420 547 50
420 872 23
420 1560 31
421 428 17
421 648 55
421 765 64
421 891 5
422 765 8
422 1069 33
422 1264 37
422 1304 76
423 1413 93
423 1458 92
423 1600 82
423 1837 6
423 1917 6
423 1948 36
423 1989 81
424 433 36
424 636 99
424 923 26
424 1217 90
424 1659 80
425 636 79
425 689 49
425 1901 81
426 600 48
426 1714 96
426 1725 61
427 470 40
427 506 22
427 653 38
427 933 43
427 1028 95
427 1539 94
427 1569 23
427 1644 36
428 736 2
428 982 31
428 1001 96
428 1224 79
428 1402 1
428 1470 38
428 1820 72
428 1835 5
428 1963 74
429 806 97
429 897 95
429 1095 93
429 1216 19
429 1366 21
430 595 99
430 927 62
430 936 92
430 968 37
430 1287 95
430 1424 35
430 1578 79
430 1904 25
430 1993 70
431 661 65
431 678 84
431 897 34
431 1251 69
431 1476 81
431 1776 99
431 1896 33
432 1207 22
432 1401 85
432 1603 40
432 1765 67
433 1310 47
433 1790 57
434 441 98
434 1049 94
434 1330 76
434 1767 86
434 1776 53
434 1799 28
434 1884 58
434 1924 22
435 800 29
435 998 92
435 1917 97
436 596 100
436 705 83
436 947 78
436 1213 47
436 1242 22
436 1431 16
436 1586 33
436 1848 85
436 1932 43
436 1966 9
436 1987 94
437 711 51
437 787 26
437 861 85
437 942 7
437 1278 58
437 1406 97
437 1478 80
437 1647 16
438 1031 61
438 1373 94
438 1500 75
438 1608 92
438 1891 20
438 1909 51
439 627 81
439 714 24
439 914 28
439 1150 37
439 1157 21
439 1580 100
440 508 55
440 699 53
440 1058 44
440 1414 28
440 1867 71
440 1931 52
440 1963 63
441 604 45
441 648 44
441 662 51
441 981 19
441 1064 80
441 1189 83
441 1491 83
441 1545 8
441 1616 70
441 1673 31
442 1728 40
442 1771 60
442 1786 47
442 1872 86
442 1963 86
442 1970 42
443 492 18
443 660 29
443 1391 14
443 1496 21
443 1609 24
444 491 39
444 562 85
444 656 1
444 1034 82
444 1115 18
444 1464 80
444 1478 60
444 1635 72
444 1674 54
444 1735 36
444 1741 84
444 1750 47
445 657 59
445 811 90
445 845 75
445 867 92
445 1090 90
445 1317 37
445 1484 75
445 1727 8
446 556 94
446 850 89
446 1155 46
446 1214 74
446 1680 37
446 1984 67
447 651 14
447 699 36
447 808 23
447 952 47
447 1283 81
447 1606 55
447 1891 59
448 507 37
448 833 87
448 982 94
448 1218 46
448 1426 43
448 1471 21
448 1786 93
448 1801 81
448 1858 32
448 1937 73
449 845 4
449 1369 91
449 1502 47
449 1567 58
449 1603 5
450 786 50
450 868 77
451 744 9
451 876 63
451 886 86
451 960 44
451 1069 60
451 1719 14
451 1747 84
452 821 68
452 852 19
452 1338 28
452 1488 68
452 1569 20
452 1748 36
452 1807 8
452 1905 86
452 1937 41
453 481 23
453 503 77
453 645 33
453 1321 100
454 727 55
454 1076 25
454 1691 94
454 1728 17
454 1942 2
455 561 45
455 712 58
455 1040 85
455 1259 12
455 1367 88
456 563 89
456 874 77
456 1012 50
456 1014 54
456 1099 24
456 1371 69
456 1528 87
456 1643 44
456 1716 10
456 1872 24
457 976 37
457 1317 97
457 1509 39
457 1575 27
458 611 69
458 684 89
458 1262 92
458 1407 52
458 1869 27
459 862 65
459 1001 47
459 1161 95
459 1271 5
459 1373 4
459 1537 51
459 1762 74
460 1396 36
460 1598 36
460 1733 68
461 591 60
461 1403 42
461 1723 61
461 1890 56
462 579 45
462 594 43
462 772 21
462 1089 82
462 1499 68
462 1726 43
462 1818 40
462 1956 13
463 740 53
463 931 63
463 985 94
463 1003 17
463 1027 55
463 1238 12
464 1154 75
464 1189 17
464 1633 63
464 1650 71
464 1717 50
464 1938 87
464 1989 55
465 611 86
465 673 25
465 712 96
465 1364 30
465 1493 77
465 1624 19
465 1636 3
465 1739 27
465 1805 4
466 736 80
466 857 52
466 1160 43
466 1535 77
467 1142 63
468 742 29
468 929 7
468 1494 10
468 1759 87
468 1774 15
469 598 76
469 1215 78
469 1307 95
469 1340 19
469 1402 30
469 1468 12
469 1538 52
469 1797 14
470 590 84
470 594 64
470 657 24
470 1155 75
471 601 82
471 932 41
471 960 32
471 1564 61
472 478 28
472 480 72
472 500 43
472 1079 100
472 1187 67
472 1232 42
472 1239 9
473 1047 59
473 1443 50
473 1737 70
473 1928 23
473 1948 14
474 605 98
474 958 92
474 1237 15
474 1362 86
474 1971 43
474 1998 34
475 837 19
475 983 97
475 1676 13
476 858 46
476 1525 83
476 1706 15
476 1742 42
476 1876 77
477 1102 77
477 1749 96
477 1918 84
478 608 6
478 721 10
478 843 62
478 847 92
478 1411 95
478 1701 96
479 528 97
479 794 4
479 979 12
479 1004 44
479 1187 26
479 1554 12
479 1620 67
479 1761 16
479 1805 52
479 1876 11
479 1900 96
479 1962 44
479 1965 38
480 745 100
480 948 11
480 1180 45
480 1454 19
480 1744 90
480 1821 75
480 1912 33
480 2000 96
481 572 7
481 837 35
481 904 54
481 1167 79
481 1251 46
481 1433 74
481 1557 72
481 1810 35
481 1826 6
482 656 99
482 680 70
482 772 90
482 1481 83
482 1687 96
482 1688 23
482 1781 28
482 1863 21
483 731 68
483 1170 18
483 1395 87
484 962 59
484 1039 11
484 1140 51
484 1328 3
484 1338 88
484 1349 49
484 1554 70
484 1968 70
485 1031 71
485 1065 61
485 1754 81
485 1878 54
486 689 64
486 969 33
486 1330 3
486 1573 77
486 1618 80
486 1683 49
486 1713 13
486 1913 69
486 1943 35
487 542 94
487 796 90
487 933 26
487 1213 22
487 1603 49
488 959 94
488 1104 37
488 1374 83
488 1891 46
489 576 45
489 1280 79
489 1551 39
490 930 45
490 985 42
490 1018 16
490 1101 47
490 1128 69
490 1234 48
490 1260 20
490 1893 54
491 1706 36
492 767 74
492 851 71
492 1080 69
492 1334 3
492 1585 65
492 1706 1
492 1846 86
492 1894 62
493 1068 93
493 1081 93
493 1282 1
493 1963 18
493 1969 86
493 1987 56
494 524 6
494 563 80
494 864 85
494 1140 25
494 1910 48
495 1112 80
495 1263 67
495 1423 59
495 1429 27
495 1539 31
496 972 42
496 993 94
496 1139 63
496 1676 11
497 548 41
497 1322 62
497 1461 24
497 1480 74
497 1485 81
497 1760 22
498 560 63
498 729 50
498 1010 41
498 1142 38
498 1256 22
498 1331 89
498 1700 52
499 727 32
499 1043 12
499 1537 81
500 717 6
500 877 6
500 997 15
500 1003 56
500 1367 92
500 1512 18
500 1583 68
500 1879 24
501 861 72
501 935 69
501 1175 91
501 1238 19
502 853 7
503 820 25
503 967 37
503 1164 46
503 1229 4
503 1593 91
503 1756 62
503 1908 41
504 604 49
504 909 55
504 1261 74
504 1410 90
504 1639 94
504 1651 71
505 1041 46
505 1204 52
505 1222 48
505 1621 54
505 1665 1
505 1944 40
506 1473 86
506 1582 68
506 1719 98
507 511 70
507 788 55
507 1159 17
507 1164 27
507 1178 61
507 1215 16
507 1330 95
507 1364 35
507 1569 83
507 1590 81
507 1906 15
508 513 88
508 521 13
508 571 18
508 951 7
508 1791 32
508 1827 96
508 1870 75
508 2000 64
509 558 12
509 1073 86
509 1177 11
509 1238 98
509 1374 76
509 1856 5
510 550 86
510 633 27
510 1061 15
510 1229 59
510 1559 13
511 723 94
511 746 82
511 757 96
511 796 11
511 1540 28
511 1712 33
511 1730 25
512 750 89
512 943 26
512 1436 27
512 1469 36
512 1724 36
513 532 26
513 943 32
513 1132 96
513 1203 16
513 1391 44
513 1401 77
513 1519 28
513 1951 26
514 924 59
514 985 49
514 1373 73
514 1454 96
514 1542 61
514 1651 91
514 1900 43
515 655 12
515 717 75
515 1192 20
515 1363 75
515 1411 95
515 1858 56
516 783 12
516 842 10
516 882 4
516 1034 56
516 1260 58
516 1473 29
516 1547 94
516 1719 55
516 1746 85
517 1079 84
517 1966 14
518 852 25
518 1089 88
518 1629 65
518 1656 97
518 1855 71
518 1962 69
519 708 13
519 1248 98
519 1433 80
519 1711 71
519 1758 43
519 1916 71
520 698 67
520 888 20
520 1055 46
520 1077 25
520 1323 1
520 1380 92
520 1708 22
521 739 41
521 749 50
521 949 100
521 1162 67
521 1621 10
522 703 30
522 808 51
522 1171 29
522 1724 16
523 862 18
523 1195 34
523 1513 42
524 562 91
524 839 7
524 1084 65
524 1511 12
524 1540 1
524 1618 1
524 1627 59
524 1779 89
524 1866 79
525 546 6
525 550 95
525 759 16
525 1056 32
525 1082 79
525 1153 50
525 1340 21
525 1820 25
526 681 74
526 717 30
526 868 69
526 1420 41
526 1465 97
526 1552 19
526 1571 76
527 812 49
527 838 45
527 913 72
527 1050 7
527 1223 89
527 1707 71
527 1838 41
527 1998 56
528 1099 50
528 1198 44
528 1231 53
528 1491 70
528 1510 6
528 1540 79
528 1738 72
528 1824 97
529 540 95
529 916 60
529 1070 20
529 1238 46
529 1327 76
529 1358 100
529 1378 68
529 1558 55
529 1929 63
529 1987 71
530 536 41
530 573 63
530 657 47
530 675 97
530 875 10
530 1038 59
530 1395 7
530 1443 51
531 1128 55
531 1380 83
531 1447 16
531 1772 33
531 1840 2
531 1852 4
531 1870 95
532 934 9
532 1105 78
532 1111 14
532 1356 59
532 1450 59
532 1928 63
533 590 37
533 593 13
533 716 52
533 1055 64
533 1257 79
533 1405 42
533 1521 45
533 1801 24
534 814 50
534 858 5
534 1325 41
534 1398 83
534 1577 78
535 1045 22
535 1092 5
535 1420 83
535 1604 4
536 568 45
536 1332 1
536 1773 28
536 1873 66
536 1993 28
537 683 4
537 720 9
537 859 21
537 1624 39
537 1708 66
537 1888 69
537 1952 63
538 719 78
538 881 71
538 1001 35
538 1299 82
538 1440 45
538 1748 57
539 546 52
539 666 54
539 1532 74
540 886 97
540 920 80
540 1080 39
540 1323 65
540 1649 11
541 571 94
541 621 97
541 1287 63
541 1369 45
541 1673 74
541 1786 26
542 642 97
542 658 42
542 750 62
542 1176 74
542 1613 86
542 1658 9
542 1690 93
542 1912 45
543 1609 94
543 1683 61
544 546 9
544 584 90
544 836 75
544 1151 6
544 1496 79
545 960 2
545 989 81
545 1166 11
545 1474 11
545 1617 4
545 1622 57
545 1726 8
545 1747 22
546 564 1
546 669 34
546 877 69
546 1004 11
546 1332 97
546 1861 15
546 1905 1
547 582 23
547 658 28
547 1204 77
547 1311 74
547 1999 66
548 623 85
548 810 35
548 1151 4
548 1219 23
548 1361 58
548 1435 26
548 1640 12
548 1641 97
548 1979 56
549 845 70
549 1298 9
549 1328 27
549 1600 80
549 1678 7
550 779 19
550 806 20
550 859 29
550 1007 21
550 1036 71
550 1098 89
550 1382 32
550 1798 82
551 625 52
551 638 21
551 1252 17
551 1349 33
551 1742 77
551 1834 37
551 1994 74
552 1107 64
552 1276 39
552 1333 83
552 1610 58
552 1632 70
552 1723 80
552 1923 83
553 682 87
553 968 49
553 1062 24
553 1391 82
553 1810 5
553 1949 90
554 1030 98
554 1287 84
554 1759 80
554 1851 39
555 1239 29
555 1467 84
555 1506 63
555 1863 56
556 797 24
556 847 62
556 1739 40
557 690 66
557 1353 72
557 1519 35
557 1537 36
557 1597 21
557 1985 53
558 1222 78
558 1765 14
559 779 63
559 1571 31
559 1688 43
559 1796 18
559 1815 60
559 1957 55
560 934 91
560 1072 46
560 1200 8
560 1216 4
560 1438 32
560 1800 21
560 1850 10
561 746 53
561 867 5
561 1323 59
562 638 74
562 697 10
562 823 71
562 1154 8
562 1269 41
562 1366 50
562 1433 71
562 1478 7
562 1496 74
562 1517 8
562 1671 1
562 1682 73
562 1964 1
563 743 80
563 767 10
563 1317 47
564 1679 100
564 1713 83
565 801 24
565 1085 94
565 1342 71
565 1421 13
565 1593 98
565 1964 38
565 1967 62
566 814 60
566 1249 47
566 1332 1
566 1511 40
566 1860 23
566 1962 56
567 1726 34
567 1899 4
568 627 64
568 888 21
568 942 42
568 1177 90
568 1185 98
569 576 36
569 648 51
569 1253 86
569 1449 54
569 1979 19
570 645 55
570 762 60
570 784 33
570 938 17
570 1445 33
570 1494 63
570 1794 52
571 671 60
571 831 44
571 956 72
571 1070 48
571 1093 8
571 1182 80
571 1586 18
571 1745 55
571 1833 53
571 1907 69
572 667 27
572 766 44
572 1098 2
572 1520 32
572 1692 27
573 932 57
573 1978 79
574 924 19
574 1061 37
574 1630 57
575 907 11
575 1029 46
575 1234 26
575 1327 7
575 1369 26
575 1656 18
575 1750 55
576 880 95
576 1122 28
576 1525 64
576 1763 88
577 720 15
577 844 19
577 1289 35
577 1460 41
577 1495 93
577 1742 41
577 1766 74
578 622 81
578 1084 43
578 1423 7
578 1531 85
578 1611 66
578 1762 77
579 654 16
579 687 72
579 792 55
579 1010 35
579 1082 52
579 1265 3
579 1474 97
579 1721 6
579 1779 58
580 609 11
580 692 99
580 1519 56
581 628 74
581 1268 28
581 1329 69
581 1529 82
581 1802 87
581 1841 55
581 1953 88
581 1966 14
581 1979 92
582 593 93
582 670 95
582 959 36
582 1315 30
582 1489 11
582 1536 65
582 1553 44
583 811 55
583 1235 73
583 1299 14
584 587 47
584 939 27
584 1145 45
584 1674 74
585 815 91
585 873 39
585 1126 67
586 672 36
586 755 33
586 870 64
586 897 49
586 1442 100
586 1604 14
587 1051 79
587 1194 54
587 1400 86
587 1565 1
587 1710 71
588 647 14
588 1200 29
588 1409 67
588 1542 79
588 1650 55
588 1952 32
588 1979 91
589 613 37
589 742 93
589 910 21
589 999 16
589 1403 26
589 1676 70
589 1738 83
589 1778 67
590 765 4
590 888 27
590 931 98
590 1133 63
590 1245 84
590 1616 1
590 1622 14
590 1662 14
590 1745 71
591 1052 49
591 1062 91
591 1593 97
591 1870 15
591 1931 42
592 637 58
592 951 93
592 1152 77
592 1279 6
592 1694 77
593 608 17
593 1447 3
593 1611 84
593 1812 1
593 1837 5
594 668 88
594 698 20
594 1094 12
594 1220 83
594 1697 9
594 1699 71
594 1730 61
595 638 79
595 1376 92
595 1937 22
596 607 75
596 813 26
596 1006 1
597 656 54
597 696 67
597 711 1
597 882 61
597 1370 90
597 1422 61
597 1637 80
597 1724 68
597 1765 6
598 670 60
598 766 19
598 812 63
598 1060 6
598 1325 79
598 1495 94
598 1618 53
598 1662 60
598 1745 7
598 1789 72
598 1962 72
599 704 32
599 768 23
599 881 61
599 915 83
599 1044 15
599 1440 90
599 1604 77
599 1632 86
600 784 23
600 1749 45
600 1855 61
600 1931 5
601 728 42
601 1311 56
602 1083 35
602 1120 27
602 1184 8
602 1741 22
603 786 6
603 1444 72
603 1914 27
604 607 58
604 1046 39
604 1513 94
604 1692 75
605 633 13
605 680 75
605 1226 32
605 1282 31
605 1637 12
606 968 79
606 1755 36
606 1913 21
607 1092 72
607 1719 99
608 801 13
608 1064 33
608 1072 96
608 1714 35
608 1740 45
609 736 67
609 785 94
609 794 35
609 1028 100
609 1068 61
609 1288 97
609 1340 63
609 1492 93
609 1758 99
610 616 77
610 678 58
610 737 41
610 1567 65
610 1642 36
611 959 41
611 1353 40
611 1400 88
612 899 94
612 1030 12
612 1054 86
612 1571 7
612 1806 66
612 1933 85
613 677 60
613 952 91
613 979 77
613 1086 28
613 1290 24
613 1553 98
614 838 38
614 999 24
614 1820 17
614 1866 8
615 858 88
615 861 72
615 890 75
615 912 34
615 999 66
615 1169 2
616 845 100
616 1087 29
616 1091 59
616 1501 99
617 740 27
617 1170 99
617 1175 93
617 1329 70
617 1968 40
617 1969 88
618 635 63
618 711 13
618 797 69
618 861 76
618 891 23
618 998 93
618 1404 37
618 1410 71
618 1635 81
618 1643 84
618 1652 17
618 1854 61
619 824 19
619 1013 22
619 1354 77
620 779 79
620 1140 13
620 1549 70
620 1637 52
621 707 24
621 1047 51
621 1095 70
621 1109 80
621 1283 86
621 1422 28
622 793 94
622 803 92
622 890 34
622 1166 38
622 1557 21
623 922 56
623 1128 38
623 1444 82
624 687 56
624 692 16
624 718 23
624 1202 25
624 1501 23
624 1532 26
624 1627 39
624 1646 40
624 1675 2
625 683 43
625 805 87
625 939 62
625 1350 72
625 1544 65
625 1565 49
626 702 73
626 890 67
626 918 44
626 1102 33
626 1553 90
626 1601 17
626 1927 2
626 1993 41
627 1189 47
627 1641 37
627 1714 38
628 667 49
628 724 79
628 844 84
628 1281 44
628 1662 45
628 1957 4
629 1204 72
629 1301 24
629 1402 65
629 1517 85
629 1961 80
629 1997 55
630 823 33
630 948 13
630 1490 18
630 1520 74
630 1557 28
630 1800 51
630 1955 64
631 741 57
631 880 44
631 895 69
631 1063 95
631 1181 79
631 1190 76
631 1215 58
631 1272 25
631 1311 72
631 1390 17
631 1556 15
632 930 2
632 1395 29
632 1469 8
632 1581 71
632 1686 28
632 1824 34
633 784 39
633 1057 21
633 1809 74
634 658 84
634 689 95
634 1020 3
634 1047 25
634 1493 89
634 1915 43
634 1931 86
634 1996 47
635 687 95
635 929 54
635 964 1
635 1232 96
635 1286 46
635 1402 33
635 1439 21
635 1844 87
635 1980 7
636 767 22
636 832 63
636 942 41
636 1385 17
636 1468 65
636 1566 2
637 908 7
637 1073 25
637 1146 3
637 1257 17
637 1425 7
637 1563 22
637 1800 83
637 1871 86
638 973 84
638 1128 14
638 1130 45
638 1205 53
638 1471 68
638 1850 43
639 1258 94
639 1549 92
639 1958 86
640 1244 51
640 1517 53
640 1608 75
640 1654 27
640 1973 70
641 892 70
641 907 21
641 1162 6
641 1522 61
641 1711 50
641 1979 44
642 754 35
642 1078 50
642 1387 25
642 1505 27
642 1630 100
642 1646 14
642 1852 92
643 845 84
643 1159 83
643 1349 30
643 1684 59
643 1696 73
643 1806 48
643 1819 85
643 1859 6
643 1894 36
644 687 52
644 762 47
644 874 71
644 879 13
644 1042 95
644 1459 1
644 1648 99
644 1657 24
644 1717 14
644 1806 5
645 701 85
645 1059 38
645 1147 49
645 1249 88
645 1378 94
645 1444 66
645 1742 42
645 1805 8
646 979 57
646 1900 77
647 655 100
647 1410 55
647 1544 3
647 1948 95
648 748 18
648 972 71
648 1446 21
648 1462 47
648 1608 63
649 1033 94
649 1663 20
649 1874 3
650 1088 81
650 1361 25
651 925 86
651 1417 13
651 1517 74
651 1588 89
652 816 98
652 1559 11
652 1731 54
653 795 78
653 925 79
653 1344 78
653 1837 52
653 1899 12
654 725 88
654 844 10
654 864 60
654 905 84
654 961 43
654 1221 56
654 1426 7
654 1488 42
654 1517 70
654 1960 49
655 1738 75
655 1781 65
656 1074 5
656 1288 37
656 1507 35
656 1820 39
656 1943 52
657 888 50
657 1139 37
657 1204 87
657 1349 73
657 1375 55
657 1714 31
657 1935 26
658 741 84
658 1313 37
659 749 12
659 1029 78
659 1137 57
659 1500 85
659 1595 80
660 1745 85
660 1841 8
660 1847 47
660 1933 52
661 727 27
661 809 21
661 1080 58
661 1094 97
661 1095 30
661 1332 12
661 1532 68
662 912 51
662 1177 86
662 1798 98
662 1961 65
663 1036 2
663 1056 12
663 1137 56
663 1528 6
663 1605 21
663 1619 58
663 1726 39
664 982 49
664 1081 85
664 1841 83
665 1057 8
665 1460 61
665 1509 46
665 1738 69
665 1908 69
666 963 76
666 1104 24
666 1962 3
667 891 45
667 931 51
667 1478 69
667 1595 95
667 1679 17
667 1698 76
668 732 35
668 1212 70
668 1645 30
669 731 22
669 822 9
669 993 83
669 1091 37
669 1167 38
669 1197 18
669 1378 40
669 1778 7
670 1538 87
670 1768 62
670 1801 78
670 1909 13
670 1937 3
671 1018 48
671 1118 23
671 1207 100
671 1461 71
672 987 97
672 1419 39
672 1457 73
672 1462 35
672 1486 20
672 1505 2
672 1633 31
673 894 92
673 1456 32
673 1816 87
674 684 45
674 1015 32
674 1253 86
674 1394 20
674 1663 43
674 1826 87
675 764 68
675 1275 85
675 1303 50
675 1322 16
675 1731 46
675 1856 79
676 726 59
676 1152 41
676 1199 55
676 1373 18
676 1666 53
676 1919 51
677 688 69
677 890 13
677 1497 90
678 720 49
678 965 8
678 1181 67
678 1325 21
678 1607 2
678 1699 12
678 1764 22
678 1787 9
679 1412 69
679 1686 54
680 807 48
680 994 12
680 1212 43
680 1331 13
680 1571 48
680 1637 50
680 1846 94
680 1856 24
680 1965 46
681 756 13
681 1271 35
681 1507 74
681 1566 16
681 1578 37
681 1654 93
681 1795 81
681 1992 90
682 1021 25
682 1032 93
682 1062 71
682 1074 85
682 1238 36
682 1354 73
682 1400 22
682 1483 29
682 1563 37
683 962 84
683 965 2
683 1161 55
683 1172 55
683 1468 25
683 1660 51
683 1671 68
683 1701 76
684 903 80
684 973 91
684 1582 90
684 1684 69
684 1720 17
684 1741 24
685 872 7
685 1430 27
685 1596 43
685 1678 38
686 1029 43
686 1184 26
686 1274 99
686 1649 41
687 1261 25
687 1696 27
687 1841 27
688 918 85
688 1376 74
688 1715 7
688 1984 82
689 737 100
689 1122 31
689 1497 90
689 1575 52
689 1617 63
689 1639 68
690 871 83
690 1129 52
690 1718 86
690 1738 61
691 919 6
691 946 32
691 1548 20
692 866 86
692 889 30
692 1015 43
692 1272 96
692 1507 73
692 1979 39
693 874 48
693 1438 32
693 1934 76
694 1015 38
694 1081 44
694 1335 3
694 1526 93
694 1621 7
694 1861 16
694 1883 84
695 1065 10
695 1394 54
696 722 83
696 974 1
696 1151 77
696 1242 71
696 1318 13
696 1658 67
696 1966 91
697 822 96
697 1114 27
697 1141 72
697 1227 99
697 1501 11
697 1615 83
697 1760 73
698 834 54
698 1232 32
698 1515 40
698 1745 80
699 891 34
699 1648 98
699 1801 45
700 914 40
701 1545 99
701 1598 82
701 1799 65
702 891 89
702 1194 58
702 1226 82
702 1374 40
702 1577 46
702 1636 81
703 1229 2
703 1288 89
703 1569 85
703 1926 17
704 710 34
704 814 20
704 874 9
704 972 22
704 1215 52
704 1495 4
704 1630 55
704 1708 5
704 1758 1
704 1877 89
705 756 47
705 859 92
705 888 96
705 991 34
705 1094 19
705 1167 28
705 1332 95
705 1435 23
705 1876 87
705 1988 63
706 732 94
706 899 45
706 942 82
706 1079 21
706 1159 20
706 1196 7
706 1610 92
706 1766 73
707 888 23
707 1227 65
707 1774 19
708 831 34
708 918 59
708 1446 70
708 1465 32
708 1814 19
708 1979 56
709 902 97
709 955 12
709 1809 91
709 1929 32
709 1945 28
710 1133 22
710 1422 19
710 1572 16
710 1667 59
710 1930 67
710 1962 29
710 1973 37
711 1043 24
711 1313 75
711 1656 45
711 1773 33
711 1919 40
711 1985 70
712 787 54
712 1717 39
712 1960 62
713 729 22
713 864 14
713 875 66
713 1270 6
713 1990 56
713 1997 94
714 780 45
714 783 66
714 913 30
714 1199 10
714 1260 64
714 1262 72
714 1581 79
715 1112 93
715 1149 24
715 1188 46
715 1359 88
715 1627 45
715 1727 82
715 1885 20
716 849 66
716 871 79
716 1095 77
716 1139 56
716 1417 92
717 817 19
717 834 77
717 881 95
717 1430 73
717 1969 38
717 1978 27
718 1288 25
718 1509 97
718 1629 45
718 1986 76
719 1328 71
719 1343 38
719 1430 70
719 1538 86
719 1952 59
720 1627 79
720 1822 47
721 742 12
721 955 50
721 1127 99
721 1250 84
721 1255 19
721 1352 62
721 1554 34
721 1695 87
721 1915 35
722 962 34
722 1243 2
722 1294 30
722 1592 79
722 1639 73
722 1858 42
722 1993 22
723 842 59
723 988 96
723 1836 33
723 1915 51
724 1550 77
725 1174 57
725 1672 17
725 1824 28
725 1879 58
725 1916 86
726 833 99
726 923 91
726 1069 31
726 1116 67
726 1191 31
726 1254 82
726 1606 94
727 916 91
727 1054 1
727 1447 74
727 1476 99
727 1556 8
727 1859 97
727 1867 41
727 1896 21
728 1043 66
728 1219 62
728 1276 32
728 1346 3
728 1460 94
728 1829 16
729 1139 69
729 1327 46
729 1699 7
729 1740 84
729 1797 82
730 927 99
730 1324 81
730 1370 69
730 1613 12
730 1839 96
730 1875 94
731 745 17
731 1458 68
731 1557 20
731 1879 26
732 1140 74
732 1290 72
732 1594 73
732 1900 89
733 903 50
733 1404 51
733 1592 74
734 1234 81
734 1448 94
734 1453 74
734 1465 21
734 1608 90
734 1659 61
734 1847 27
735 1088 48
735 1141 30
735 1170 25
735 1343 6
735 1545 71
735 1549 92
736 741 39
736 998 50
736 1030 47
736 1541 58
736 1554 16
736 1566 60
736 1695 30
736 1792 77
737 1202 49
737 1355 51
737 1634 80
737 1852 5
738 830 7
738 941 69
738 966 44
738 1107 38
738 1185 38
738 1205 28
738 1366 71
738 1686 88
738 1917 80
739 943 77
739 1063 77
739 1096 69
739 1448 38
739 1458 88
739 1498 55
739 1764 44
740 858 49
740 1004 22
740 1076 91
740 1081 46
740 1305 49
740 1450 60
741 880 29
741 1290 97
741 1426 43
741 1661 24
741 1720 55
741 1727 57
741 1814 87
742 817 69
742 1097 77
742 1222 2
742 1355 42
742 1821 14
742 1897 10
743 915 4
743 943 25
743 1316 68
743 1542 53
744 764 58
744 853 18
744 1320 39
744 1479 2
745 1089 47
745 1097 54
745 1123 76
745 1305 21
745 1967 81
746 886 53
746 1675 21
746 1882 64
747 938 82
747 980 54
747 1015 23
747 1126 19
747 1134 94
747 1802 7
747 1823 74
748 1055 93
748 1385 16
748 1432 74
748 1488 42
749 937 100
749 990 62
749 1073 10
749 1128 40
749 1399 68
750 881 98
750 994 25
750 1055 85
750 1226 72
750 1419 59
750 1449 62
750 1478 5
750 1729 4
751 1444 6
751 1474 91
751 1883 85
751 1956 92
752 779 25
752 804 84
752 869 64
752 993 78
752 1008 27
752 1072 13
752 1135 27
752 1202 24
752 1371 92
752 1522 96
752 1557 6
752 1659 29
752 1793 28
752 1947 15
753 1188 5
753 1640 20
753 1840 43
754 833 15
754 1224 15
754 1326 87
754 1560 96
755 798 18
755 865 36
755 1095 93
755 1237 18
755 1424 17
755 1723 12
755 1995 10
756 770 42
756 1186 78
756 1430 22
756 1465 27
756 1732 35
756 1838 91
756 1998 78
757 1488 11
757 1548 50
757 1589 37
757 1744 51
758 1566 82
758 1604 38
758 1773 17
758 1866 71
759 814 57
759 841 54
759 1190 29
759 1242 17
759 1689 14
759 1727 91
760 1114 61
760 1154 65
760 1806 55
760 1817 84
760 1982 25
761 836 40
761 924 10
761 1212 1
762 1020 63
762 1958 72
763 921 39
763 1239 7
763 1242 97
763 1331 71
763 1383 39
763 1426 89
763 1477 27
763 1624 57
763 1857 49
763 1984 24
764 839 19
764 842 64
764 875 29
764 1294 39
765 966 30
765 1560 38
765 1608 100
766 1185 15
766 1927 72
767 840 8
767 1021 30
767 1133 72
767 1228 65
767 1543 68
767 1712 74
768 922 70
768 930 41
768 988 84
768 1295 34
768 1453 87
768 1499 49
768 1533 91
768 1701 38
769 1548 76
769 1967 80
770 1274 55
770 1288 8
770 1307 45
770 1853 22
770 1905 97
771 1175 75
771 1513 84
771 1597 83
771 1758 5
771 1802 80
772 941 61
772 1205 35
772 1698 81
773 996 49
773 1132 2
773 1290 42
773 1472 66
773 1769 34
773 1847 18
774 810 56
774 1442 7
774 1445 32
774 1879 65
774 1899 80
775 810 75
775 999 69
775 1191 36
775 1509 74
776 1231 29
776 1403 28
777 1631 96
777 1874 17
778 1352 26
778 1454 20
778 1617 74
779 1125 9
779 1179 34
779 1534 20
779 1694 61
779 1917 29
780 1146 17
781 1175 42
781 1202 60
781 1713 66
782 838 72
782 876 68
782 982 8
782 1766 37
783 846 70
783 973 86
783 1060 66
783 1375 29
783 1655 14
784 870 16
784 892 25
784 1346 74
784 1457 41
784 1660 27
784 1886 52
785 1128 38
785 1234 82
785 1352 6
785 1466 7
785 1515 81
785 1533 51
785 1898 9
786 1344 41
786 1616 34
786 1693 70
787 1096 49
787 1259 73
787 1384 12
787 1513 98
787 1613 35
787 1698 88
787 1816 56
788 875 81
788 1286 45
788 1849 71
788 1892 56
788 1986 68
789 806 64
789 957 26
789 1023 35
789 1318 12
789 1378 77
789 1455 90
789 1632 97
789 1639 43
789 1851 93
790 1462 71
790 1517 52
790 1775 40
790 1910 32
791 1040 4
791 1379 18
791 1483 82
791 1588 73
791 1593 73
792 846 27
792 885 53
792 945 23
792 1003 85
792 1015 29
792 1221 76
792 1290 45
792 1391 54
792 1510 79
793 876 42
793 1273 70
793 1527 59
793 1987 83
794 894 32
794 1003 29
794 1026 50
794 1453 68
794 1599 57
795 1141 45
795 1301 57
795 1737 94
795 1862 65
795 1924 66
795 1944 24
796 1168 6
796 1179 25
796 1207 77
796 1430 50
796 1516 52
796 1657 97
797 942 51
797 1105 26
797 1720 70
797 1973 26
798 808 31
798 887 57
798 1183 54
798 1298 96
798 1463 16
798 1464 100
798 1566 22
798 1800 30
798 1915 19
799 1086 37
799 1093 35
799 1486 83
799 1640 22
799 1895 53
800 832 87
800 1227 78
800 1618 54
800 1709 31
800 1727 59
800 1791 29
800 1931 5
801 1192 30
801 1847 95
802 839 30
802 908 42
802 954 44
802 981 30
802 1103 34
802 1864 12
802 1867 52
803 1325 54
803 1496 98
803 1594 4
803 1643 89
804 836 63
805 809 74
805 1240 91
805 1562 55
805 1859 43
806 996 89
806 1133 89
806 1420 73
806 1785 2
806 1797 15
807 1018 3
807 1388 27
807 1434 60
807 1631 25
807 1717 38
808 1110 6
808 1955 31
809 1492 44
809 1592 70
809 1715 14
809 1805 41
809 1918 53
809 1952 83
810 1147 14
810 1377 52
810 1552 70
811 1833 6
812 851 85
812 969 90
812 1060 78
812 1115 71
812 1269 79
812 1572 75
812 1676 30
812 1875 67
813 996 52
813 1430 86
813 1566 68
814 992 14
814 1047 7
814 1220 1
814 1369 43
814 1777 36
815 940 18
815 1115 82
815 1727 96
815 1884 36
816 849 66
816 1341 62
817 900 82
817 1140 80
817 1179 14
817 1380 67
817 1523 82
817 1856 17
818 889 94
818 1113 36
818 1707 33
819 929 95
819 1082 32
819 1664 46
819 1703 84
819 1837 71
819 1941 38
820 1600 96
820 1605 18
821 885 91
821 896 43
821 1156 70
821 1607 51
821 1938 96
822 1029 22
822 1050 71
823 944 35
823 1929 95
824 1019 22
824 1045 58
824 1161 38
824 1351 93
824 1655 81
824 1718 58
824 1970 53
825 1089 35
825 1220 76
825 1475 83
825 1574 17
826 1079 27
826 1381 27
826 1560 70
827 915 14
827 1425 85
827 1510 17
827 1763 55
828 1549 14
828 1705 82
828 1955 64
829 850 97
829 1014 98
829 1018 85
829 1110 97
829 1592 6
829 1718 45
829 1787 88
830 983 67
830 1585 34
831 1041 63
831 1510 27
831 1519 82
831 1739 3
831 1772 6
832 918 78
832 1381 33
832 1801 8
833 951 90
833 1343 46
833 1588 35
834 1175 75
834 1331 96
834 1737 9
834 1960 88
835 1801 50
835 1955 41
836 1138 57
836 1149 85
836 1385 51
836 1701 8
836 1799 5
836 1813 25
836 1933 27
837 970 43
837 1379 88
838 912 69
838 1159 10
838 1275 68
838 1300 94
838 1566 39
838 1600 71
838 1795 81
839 863 21
839 1100 62
839 1973 29
840 1163 62
840 1465 33
840 1825 6
841 1081 76
841 1241 90
841 1292 85
841 1375 5
842 1278 49
842 1477 24
842 1857 34
843 1747 22
844 1155 40
844 1184 69
844 1243 74
844 1433 47
844 1458 12
844 1512 5
845 1834 17
846 934 21
846 1311 85
846 1400 41
846 1560 55
847 915 59
847 967 5
847 1099 40
847 1234 2
847 1723 11
848 1178 83
848 1231 32
848 1288 61
849 922 77
849 1441 17
849 1511 50
849 1530 30
849 1721 71
849 1852 56
850 934 22
850 1011 54
850 1043 49
850 1096 60
850 1218 23
850 1451 8
850 1543 6
850 1546 36
850 1595 88
850 1642 15
851 950 96
851 1056 24
851 1159 28
851 1218 89
851 1588 90
851 1744 94
851 1747 78
852 1434 50
852 1440 4
852 1646 82
852 1975 99
853 1035 73
853 1451 39
853 1565 93
853 1699 32
853 1901 89
854 1264 74
854 1722 15
854 1881 74
854 1998 99
855 902 55
855 1030 88
855 1121 38
855 1461 52
855 1559 4
855 1649 9
855 1833 69
856 1689 44
856 1926 21
859 946 51
859 1060 51
859 1157 79
859 1158 70
859 1865 91
860 989 50
860 1176 7
860 1339 36
860 1518 35
860 1663 42
860 1668 62
860 1896 81
861 1340 22
861 1359 20
861 1572 69
861 1796 83
861 1848 23
862 1006 20
862 1192 52
862 1950 72
863 1106 100
863 1136 89
863 1313 64
863 1373 91
863 1466 58
863 1558 28
864 1305 1
864 1537 45
865 965 40
865 1163 29
865 1298 19
865 1693 81
866 1135 15
866 1341 41
866 1667 28
867 1380 54
867 1424 43
867 1676 8
867 1689 92
867 1876 1
867 1884 88
868 1151 77
868 1154 80
868 1650 48
868 1679 12
869 1932 69
869 1975 4
870 1143 68
870 1145 50
870 1306 91
870 1579 82
870 1736 79
870 1775 60
870 1960 11
871 949 38
871 1022 19
871 1267 97
871 1402 50
871 1829 64
871 1859 93
872 980 86
872 1090 7
872 1160 71
872 1426 43
872 1863 73
873 901 74
873 1207 23
873 1261 94
874 1110 94
874 1455 99
874 1495 46
874 1568 100
875 978 23
875 1009 61
875 1201 88
875 1425 64
875 1590 73
876 1082 24
876 1164 84
876 1467 24
876 1922 49
877 915 3
877 1201 14
877 1207 62
877 1244 21
877 1555 32
877 1752 4
878 1120 5
878 1236 70
878 1327 100
878 1365 47
878 1794 40
878 1961 99
880 1021 30
880 1066 58
880 1161 7
880 1231 55
880 1248 16
880 1664 85
880 1715 6
881 1398 8
881 1636 25
882 993 67
882 1083 98
882 1492 93
882 1666 76
882 1686 62
883 1138 61
883 1175 15
883 1905 42
884 1105 100
884 1117 32
884 1316 2
884 1841 52
884 1994 96
885 1030 96
885 1059 52
885 1090 78
885 1308 51
885 1637 6
885 1746 27
886 907 46
886 1032 35
886 1302 91
886 1367 93
886 1915 42
886 1930 49
887 1072 48
887 1499 67
887 1525 94
887 1745 18
888 913 45
888 987 70
888 1437 36
888 1523 6
888 1701 36
889 1147 83
889 1841 23
890 1060 9
890 1247 15
890 1410 85
890 1451 36
890 1750 19
891 1442 15
891 1699 71
892 904 39
892 967 38
892 1802 95
892 1820 15
892 1835 86
893 1164 21
893 1527 59
893 1557 13
893 1562 27
894 1046 71
894 1151 14
894 1204 74
894 1368 33
894 1372 74
895 1722 87
896 902 24
896 1064 20
896 1214 84
897 1323 94
897 1719 41
897 1999 58
898 1118 11
898 1307 49
898 1314 60
898 1391 25
898 1627 36
898 1881 92
899 929 85
899 1352 61
899 1397 18
899 1403 24
899 1601 64
899 1745 97
899 1933 74
900 1100 19
900 1287 97
900 1342 88
901 1049 57
901 1135 99
901 1594 17
901 1675 25
901 1990 42
902 968 34
902 1126 44
902 1333 51
902 1718 71
902 1949 12
902 1968 61
904 1288 90
904 1654 47
905 1135 87
905 1275 58
905 1801 40
905 1867 46
905 1978 28
906 1103 33
906 1163 42
906 1392 39
906 1546 14
906 1603 48
906 1745 7
906 1869 15
906 1963 34
907 1133 28
907 1324 33
907 1401 69
907 1856 23
907 1936 35
907 1968 38
907 1976 18
908 1201 94
908 1237 1
908 1364 18
908 1389 88
909 1386 21
909 1473 5
909 1519 22
910 1200 81
910 1328 73
910 1634 21
910 1949 48
911 1189 61
911 1615 24
911 1620 16
912 1117 19
912 1158 37
912 1874 32
913 918 13
913 977 3
913 1203 67
913 1683 7
913 1829 28
914 1017 40
915 958 72
915 1023 86
915 1209 55
915 1258 67
915 1765 72
916 984 6
916 1807 78
916 1808 17
916 1867 41
916 1998 72
917 977 49
917 1388 88
917 1510 22
917 1713 67
917 1921 43
918 1048 1
918 1099 11
918 1100 16
918 1162 69
918 1262 81
918 1454 97
918 1617 23
918 1821 85
919 1113 21
919 1404 79
919 1452 56
919 1481 54
920 962 66
920 1103 52
920 1244 45
920 1622 53
920 1988 2
921 1333 82
922 960 26
922 1420 24
923 1159 2
923 1200 69
923 1447 64
923 1706 73
923 1963 44
924 1204 49
924 1612 85
924 1671 5
924 1802 49
924 1875 83
925 1007 5
925 1503 44
925 1626 36
925 1835 5
925 1966 13
926 1498 73
926 1575 54
926 1862 98
927 1297 45
927 1322 94
927 1351 26
928 1162 16
928 1170 7
928 1727 68
928 1786 72
929 1248 97
929 1261 52
930 1009 13
930 1099 30
930 1480 5
930 1757 21
931 1281 81
931 1397 70
931 1482 2
931 1551 43
931 1743 87
932 1025 20
932 1179 22
932 1344 63
932 1379 19
932 1575 8
932 1809 73
932 1890 36
933 1017 21
933 1162 70
934 1129 20
934 1345 61
934 1431 9
934 1474 89
934 1608 93
934 1762 27
934 1879 12
936 1257 8
936 1432 98
936 1565 6
936 1658 45
936 1795 53
936 1992 56
937 1315 77
937 1377 74
937 1556 52
937 1597 73
937 1733 95
938 1364 83
938 1385 79
938 1440 45
938 1595 14
938 1743 42
938 1982 78
939 1158 96
939 1225 6
939 1343 94
939 1709 75
939 1784 97
940 1722 98
940 1925 52
941 945 47
941 1125 11
941 1363 90
941 1601 49
941 1684 80
941 1841 44
941 1848 26
941 1875 66
941 1965 57
943 1428 29
943 1447 48
943 1449 71
943 1689 94
944 985 22
944 1410 13
944 1957 33
944 1961 75
945 1399 93
945 1454 84
945 1583 29
945 1765 89
945 1857 55
946 1358 45
946 1555 78
947 1215 99
947 1676 4
948 1814 21
948 1941 50
948 1945 79
949 1047 83
949 1147 52
949 1323 30
949 1563 58
949 1578 51
949 1632 6
949 1730 45
949 1824 26
949 1945 55
950 1330 50
950 1748 62
951 1198 38
951 1860 48
953 989 21
953 1296 44
953 1465 73
953 1513 59
954 987 81
954 1584 57
954 1766 51
954 1800 74
955 1062 6
955 1160 30
955 1224 32
955 1497 43
955 1946 66
956 1252 55
956 1278 84
956 1785 91
956 1801 62
956 1821 97
956 1884 100
956 1913 70
957 979 56
957 1146 29
957 1228 49
957 1346 31
957 1465 77
957 1640 12
957 1877 83
958 1711 88
958 1843 47
958 1889 62
958 1917 48
958 1918 13
958 1964 87
958 1991 77
960 1062 78
960 1128 61
960 1767 94
960 1838 60
960 1996 50
961 1569 62
961 1596 80
961 1716 62
961 1818 34
961 1998 23
962 1332 22
962 1498 87
962 1787 33
962 1936 74
962 1952 33
963 1069 93
963 1576 46
963 1907 85
963 1917 68
963 1941 79
964 1272 18
964 1853 28
964 1951 29
965 1776 85
965 1843 87
966 1056 96
966 1920 90
967 1319 56
967 1345 73
967 1539 50
968 1321 2
968 1330 29
968 1502 98
968 1727 73
969 1020 57
969 1191 18
969 1195 96
969 1241 15
969 1640 35
969 1666 96
969 1879 17
970 1299 85
971 1073 15
971 1124 85
971 1336 84
971 1501 54
972 1359 56
972 1440 77
972 1485 63
973 1214 85
973 1290 95
973 1649 31
974 1143 28
974 1546 12
974 1632 3
974 1745 82
974 1976 99
975 1754 77
975 1908 36
976 992 1
976 1491 75
976 1640 38
976 1737 49
976 1770 19
976 1962 59
977 1197 73
977 1400 92
977 1525 10
977 1930 88
977 1972 19
978 1222 51
978 1344 15
979 1051 76
979 1101 44
979 1320 48
979 1529 69
979 1632 28
979 1756 53
980 996 79
980 1014 29
980 1396 45
980 1651 25
980 1811 46
981 1167 87
981 1320 37
981 1416 10
981 1468 66
982 1306 14
982 1358 24
982 1457 21
982 1480 55
982 1846 81
982 1974 57
983 1082 38
983 1642 3
983 1657 88
983 1712 10
984 1585 29
985 1553 10
986 1228 36
986 1734 92
986 1747 24
986 1783 39
986 1907 75
987 1069 2
987 1284 41
987 1506 83
987 1586 57
987 1791 26
988 1748 79
989 1070 70
989 1321 66
989 1436 31
989 1672 68
990 1173 11
990 1462 37
990 1490 44
990 1707 86
991 1104 74
991 1504 80
991 1572 65
991 1748 85
991 1939 69
992 1320 4
992 1825 1
992 1859 52
993 1119 43
993 1244 92
993 1638 2
993 1666 30
994 1177 55
994 1826 63
995 1172 12
995 1411 73
995 1506 39
995 1523 6
996 1384 38
996 1391 23
996 1543 68
996 1569 78
996 1664 36
997 1041 81
997 1402 17
997 1644 76
997 1741 63
997 1820 68
998 1023 88
998 1060 99
998 1358 32
998 1605 22
998 1664 17
998 1833 51
998 1867 43
999 1091 25
999 1741 15
1000 1059 45
1000 1175 80
1001 1042 6
1001 1074 25
1001 1697 89
1002 1221 65
1002 1400 62
1002 1495 49
1002 1716 43
1002 1839 6
1003 1120 58
1003 1430 76
1003 1731 39
1003 1838 98
1003 1852 43
1003 1906 26
1004 1149 58
1004 1313 16
1004 1533 71
1004 1853 38
1005 1116 79
1005 1401 32
1005 1435 99
1005 1505 52
1006 1009 53
1006 1160 47
1006 1223 54
1006 1330 61
1006 1575 85
1006 1823 84
1007 1106 25
1007 1199 57
1007 1219 63
1007 1497 37
1007 1874 31
1008 1020 72
1008 1457 36
1008 1569 29
1008 1572 73
1008 1610 36
1008 1809 40
1009 1287 99
1009 1463 97
1009 1505 31
1009 1548 51
1009 1877 56
1010 1035 97
1010 1184 84
1010 1512 12
1011 1158 12
1011 1180 96
1011 1611 68
1012 1159 72
1012 1412 2
1012 1754 3
1013 1243 15
1013 1369 57
1013 1432 46
1013 1434 6
1013 1498 32
1013 1875 16
1014 1365 72
1014 1411 40
1014 1419 94
1014 1451 97
1014 1822 84
1015 1226 78
1016 1081 46
1016 1664 12
1017 1230 26
1017 1351 82
1017 1634 58
1017 1974 33
1018 1055 19
1018 1311 36
1018 1372 71
1018 1567 90
1018 1581 27
1018 1743 44
1018 1900 77
1018 1904 8
1019 1517 80
1020 1408 99
1020 1466 59
1020 1813 66
1020 1996 21
1021 1360 44
1021 1529 5
1021 1531 9
1021 1777 16
1022 1054 34
1022 1316 66
1022 1385 81
1023 1494 61
1023 1799 51
1023 1882 95
1024 1410 55
1024 1879 98
1024 1904 20
1024 1984 65
1025 1944 88
1025 1953 71
1026 1089 54
1026 1126 42
1026 1975 22
1026 1995 40
1027 1320 62
1027 1472 93
1027 1536 78
1027 1544 23
1027 1671 8
1027 1704 54
1028 1080 80
1028 1867 84
1029 1144 4
1029 1261 37
1029 1319 100
1029 1599 85
1029 1704 40
1029 1719 8
1030 1137 86
1030 1485 33
1030 1895 72
1030 1961 25
1031 1236 20
1031 1580 54
1031 1630 93
1031 1887 88
1032 1084 17
1032 1255 15
1033 1201 28
1033 1279 19
1033 1756 80
1033 1762 30
1033 1888 2
1033 1931 61
1034 1145 38
1034 1312 77
1034 1463 70
1034 1474 57
1034 1661 76
1034 1669 84
1034 1681 97
1034 1764 34
1034 1915 94
1034 1950 4
1035 1088 91
1035 1296 38
1035 1375 3
1035 1386 81
1035 1576 45
1035 1698 96
1036 1555 80
1036 1638 36
1036 1805 19
1036 1984 99
1037 1136 7
1037 1231 28
1037 1299 73
1037 1754 35
1038 1352 30
1038 1672 8
1038 1747 65
1038 1994 7
1039 1497 32
1039 1613 15
1039 1648 13
1040 1150 77
1040 1203 54
1040 1810 77
1040 1883 15
1041 1412 69
1041 1556 30
1041 1664 41
1041 1705 20
1042 1065 20
1042 1165 61
1042 1228 9
1042 1554 98
1042 1886 63
1042 1952 65
1042 1984 46
1043 1254 56
1043 1457 93
1043 1814 1
1043 1980 40
1045 1140 15
1045 1324 52
1045 1686 13
1045 1726 19
1045 1863 13
1045 1973 61
1046 1399 29
1046 1800 55
1046 1916 50
1047 1443 64
1047 1571 79
1047 1911 23
1049 1162 11
1049 1570 37
1049 1574 88
1049 1783 28
1050 1132 81
1050 1141 42
1050 1480 73
1050 1616 35
1050 1864 45
1051 1598 78
1051 1761 13
1051 1897 71
1051 1996 51
1052 1593 36
1052 1917 96
1052 1924 16
1053 1065 61
1053 1295 30
1053 1453 15
1053 1584 5
1053 1588 67
1054 1179 6
1054 1772 87
1054 1808 13
1054 1840 12
1054 1842 55
1054 1948 72
1055 1097 21
1055 1193 33
1055 1217 87
1055 1228 19
1055 1273 42
1055 1594 4
1056 1113 12
1056 1259 38
1056 1649 43
1058 1337 24
1058 1533 90
1058 1762 81
1058 1830 95
1059 1484 94
1059 1602 86
1059 1821 74
1060 1244 91
1060 1283 71
1060 1327 22
1060 1704 49
1060 1868 33
1060 1882 46
1060 1883 79
1060 1919 98
1060 1952 18
1061 1927 13
1062 1517 94
1062 1533 84
1062 1628 73
1062 1837 30
1062 1956 40
1063 1108 93
1063 1217 32
1063 1358 61
1063 1359 69
1063 1542 77
1063 1665 34
1063 1783 34
1063 1947 53
1063 1970 91
1064 1209 69
1064 1363 43
1064 1629 93
1064 1807 26
1064 1922 45
1065 1130 59
1065 1367 65
1065 1680 74
1065 1785 79
1065 1961 96
1066 1645 82
1066 1880 18
1067 1536 61
1067 1869 25
1067 1925 51
1067 1932 75
1068 1145 96
1068 1693 51
1069 1251 80
1069 1864 30
1070 1136 44
1070 1398 41
1070 1736 27
1070 1858 23
1071 1188 99
1071 1342 13
1071 1471 71
1071 1763 50
1071 1998 24
1073 1333 33
1073 1813 74
1074 1944 12
1075 1366 19
1075 1584 20
1075 1651 54
1075 1785 8
1076 1361 70
1076 1620 51
1076 1695 16
1077 1287 76
1078 1302 83
1078 1548 61
1078 1580 78
1078 1793 81
1078 1933 46
1078 1954 48
1079 1244 62
1079 1308 7
1079 1433 78
1079 1588 80
1079 1658 66
1080 1170 16
1080 1624 39
1080 1636 42
1080 1880 26
1081 1109 82
1081 1321 35
1081 1718 86
1081 1730 55
1081 1731 63
1082 1814 85
1083 1205 37
1083 1732 50
1083 1978 52
1084 1321 48
1084 1905 77
1085 1101 79
1085 1337 49
1085 1888 38
1086 1190 32
1086 1730 57
1087 1240 2
1087 1597 59
1087 1969 62
1088 1480 84
1088 1595 83
1088 1823 29
1088 1841 70
1089 1542 67
1089 1595 46
1089 1733 38
1090 1184 48
1090 1989 70
1091 1949 44
1092 1148 87
1092 1351 11
1092 1520 9
1092 1957 63
1093 1895 45
1093 1999 25
1094 1602 36
1094 1994 87
1095 1320 97
1095 1741 20
1095 1945 27
1096 1495 70
1096 1626 63
1096 1651 70
1096 1858 100
1096 1899 62
1096 1951 71
1097 1753 24
1097 1798 56
1097 1869 24
1098 1371 6
1098 1679 53
1098 1946 72
1098 1995 73
1099 1100 78
1099 1378 2
1099 1422 17
1099 1831 39
1099 1983 94
1100 1181 62
1100 1516 40
1100 1759 18
1101 1222 15
1101 1772 82
1101 1837 12
1102 1504 94
1102 1538 35
1102 1963 6
1103 1408 94
1103 1820 20
1104 1641 71
1104 1791 52
1105 1865 32
1105 1883 25
1105 1886 25
1106 1254 26
1106 1910 13
1107 1441 53
1107 1526 45
1107 1536 22
1107 1671 42
1107 1906 17
1107 1927 80
1108 1219 4
1108 1250 90
1108 1575 82
1108 1798 12
1109 1187 53
1109 1837 61
1110 1362 8
1111 1478 41
1111 1531 57
1111 1559 50
1111 1686 78
1112 1160 2
1112 1178 15
1112 1320 55
1113 1859 43
1114 1130 86
1114 1395 36
1114 1408 28
1114 1912 19
1115 1150 24
1115 1773 12
1116 1126 65
1116 1507 69
1116 1873 67
1117 1158 18
1117 1353 50
1117 1411 76
1117 1610 25
1117 1974 42
1118 1368 51
1118 1967 5
1119 1341 42
1119 1945 67
1120 1223 14
1120 1315 64
1120 1316 10
1120 1324 26
1120 1567 54
1120 1981 35
1121 1175 77
1121 1404 67
1121 1429 13
1121 1751 41
1123 1310 65
1123 1368 83
1123 1641 86
1123 1873 68
1123 1971 49
1124 1470 49
1124 1586 54
1125 1152 100
1125 1379 95
1125 1533 51
1126 1346 9
1126 1514 66
1126 1989 46
1127 1237 89
1127 1315 78
1127 1632 90
1127 1790 69
1128 1208 34
1128 1285 38
1128 1779 85
1129 1254 53
1129 1505 100
1129 1649 33
1129 1692 70
1129 1844 78
1130 1410 91
1130 1597 23
1131 1204 49
1131 1245 66
1131 1440 99
1131 1665 21
1132 1286 92
1132 1350 85
1132 1354 94
1132 1355 62
1132 1599 4
1132 1811 10
1133 1584 24
1133 1922 55
1133 1948 10
1134 1270 60
1134 1438 1
1134 1792 31
1134 1879 67
1135 1317 15
1135 1438 23
1135 1593 25
1135 1808 72
1136 1775 74
1137 1172 16
1137 1641 68
1138 1378 80
1138 1523 37
1138 1859 56
1138 1904 4
1138 1917 98
1139 1150 49
1139 1624 2
1140 1155 48
1140 1275 30
1140 1364 95
1140 1558 61
1140 1574 85
1140 1737 99
1140 1765 64
1140 1903 26
1140 1965 100
1141 1285 44
1141 1721 22
1141 1900 65
1141 1969 74
1142 1178 64
1142 1376 48
1142 1424 29
1142 1815 79
1143 1281 87
1143 1485 27
1143 1671 76
1144 1507 1
1144 1559 32
1144 1627 89
1144 1722 85
1144 1972 67
1145 1286 49
1145 1329 60
1145 1573 4
1146 1375 33
1147 1279 97
1147 1376 13
1147 1512 68
1147 1537 35
1147 1892 51
1148 1206 100
1148 1448 49
1148 1837 70
1148 1859 75
1148 1990 17
1149 1172 51
1149 1655 33
1149 1663 100
1150 1229 58
1150 1426 32
1151 1839 12
1151 1958 92
1152 1233 35
1152 1266 59
1152 1676 72
1152 1795 42
1153 1800 91
1153 1885 70
1153 1915 63
1153 1949 80
1154 1510 56
1154 1547 47
1154 1585 6
1155 1401 82
1155 1607 95
1155 1636 97
1155 1740 51
1155 1882 21
1156 1618 17
1156 1737 43
1156 1799 42
1156 1807 80
1157 1250 72
1158 1326 2
1158 1377 9
1158 1570 28
1158 1851 63
1158 1973 42
1159 1223 64
1159 1362 27
1159 1459 58
1159 1696 19
1159 1758 98
1160 1532 49
1160 1796 68
1161 1355 76
1161 1358 80
1161 1604 94
1161 1827 48
1161 1853 77
1162 1193 10
1162 1364 20
1162 1397 16
1162 1539 49
1162 1572 92
1162 1669 6
1162 1725 30
1163 1342 52
1163 1700 41
1163 1933 52
1164 1241 78
1164 1361 48
1165 1299 7
1165 1452 7
1165 1459 66
1165 1483 73
1165 1599 30
1165 1948 31
1166 1351 47
1166 1487 82
1166 1638 31
1166 1861 72
1167 1484 32
1167 1626 8
1167 1696 47
1167 1755 51
1167 1877 33
1168 1232 40
1168 1692 22
1168 1700 38
1168 1937 56
1168 1945 29
1169 1177 15
1169 1239 22
1169 1498 53
1169 1852 22
1170 1196 14
1170 1430 73
1170 1676 28
1170 1791 30
1171 1273 78
1171 1279 53
1171 1731 86
1172 1385 31
1172 1427 81
1172 1659 69
1173 1450 95
1173 1585 48
1173 1685 47
1173 1694 65
1173 1829 7
1173 1961 41
1174 1641 30
1174 1878 37
1175 1613 80
1175 1659 10
1175 1900 57
1176 1263 68
1176 1577 86
1176 1646 64
1176 1939 15
1176 1954 39
1177 1261 13
1177 1561 70
1177 1596 69
1177 1616 73
1177 1816 28
1178 1604 45
1178 1911 62
1179 1243 9
1180 1205 100
1180 1250 100
1180 1415 54
1180 1457 5
1181 1219 71
1181 1244 79
1181 1426 52
1181 1596 1
1181 1689 21
1181 1902 15
1182 1559 49
1182 1745 31
1182 1829 20
1182 1843 58
1182 1884 52
1183 1359 63
1183 1466 79
1183 1682 61
1183 1967 48
1184 1407 82
1185 1281 34
1185 1404 75
1185 1712 50
1185 1733 16
1185 1817 60
1185 1875 97
1185 1938 2
1185 1994 50
1186 1195 17
1186 1360 29
1186 1390 14
1186 1843 9
1187 1379 3
1187 1500 20
1188 1323 53
1188 1669 87
1188 1880 7
1189 1228 6
1189 1273 26
1189 1571 19
1189 1621 67
1189 1645 89
1190 1623 26
1191 1333 23
1191 1749 92
1192 1212 45
1192 1906 7
1193 1226 94
1193 1560 55
1193 1691 81
1193 1726 59
1194 1259 100
1194 1885 25
1195 1277 81
1195 1384 54
1196 1301 98
1196 1428 55
1196 1429 93
1197 1496 25
1197 1502 4
1197 1657 3
1197 1861 5
1197 1926 22
1197 1931 14
1197 2000 21
1198 1459 45
1198 1667 58
1198 1951 85
1198 1986 33
1199 1650 30
1199 1705 85
1199 1891 29
1199 1978 20
1200 1294 91
1200 1656 53
1200 1850 82
1200 1931 94
1201 1399 19
1201 1538 11
1201 1670 58
1201 1826 69
1201 1868 95
1202 1227 26
1202 1363 86
1202 1974 77
1203 1270 34
1203 1388 27
1203 1569 17
1203 1900 61
1204 1601 12
1204 1803 16
1205 1280 21
1205 1963 16
1206 1296 41
1206 1418 70
1206 1594 19
1206 1760 46
1206 1782 78
1206 1874 42
1206 1911 73
1207 1607 74
1207 1677 45
1207 1830 42
1207 1971 93
1208 1279 66
1208 1410 28
1209 1274 91
1209 1839 92
1211 1225 12
1211 1361 21
1211 1409 27
1211 1668 15
1212 1675 12
1212 1932 42
1212 1973 84
1213 1330 84
1213 1363 17
1213 1469 13
1213 1539 88
1214 1578 18
1214 1929 54
1215 1831 77
1215 1970 68
1216 1626 87
1216 1877 81
1217 1479 26
1217 1603 32
1217 1972 21
1218 1641 85
1218 1756 92
1219 1237 100
1219 1424 45
1219 1571 55
1219 1841 76
1220 1861 10
1220 1875 99
1220 1896 37
1221 1681 14
1222 1379 25
1222 1457 15
1222 1467 6
1222 1920 31
1224 1472 10
1225 1908 82
1226 1314 21
1226 1350 33
1226 1529 39
1226 1534 26
1227 1451 75
1227 1621 36
1227 1659 10
1227 1853 54
1227 1941 67
1227 1947 10
1228 1319 78
1228 1346 38
1228 1411 66
1228 1714 22
1228 1739 80
1228 1878 18
1228 1946 50
1229 1271 70
1229 1545 76
1229 1861 94
1230 1553 80
1230 1773 11
1230 1796 86
1230 1892 50
1230 1948 58
1231 1274 96
1231 1589 1
1232 1237 27
1232 1662 53
1233 1356 16
1233 1361 64
1234 1500 100
1234 1807 4
1234 1943 46
1235 1383 22
1235 1449 54
1235 1674 86
1235 1861 27
1236 1371 41
1236 1403 29
1236 1508 31
1236 1724 30
1236 1798 58
1236 1874 14
1236 1968 62
1237 1733 93
1238 1395 31
1238 1702 85
1239 1283 82
1239 1395 48
1239 1512 39
1239 1613 64
1239 1698 40
1239 1796 1
1240 1333 30
1240 1827 35
1240 1924 68
1240 1997 4
1241 1479 27
1242 1578 100
1242 1629 12
1242 1950 39
1243 1321 53
1243 1327 89
1243 1882 71
1244 1460 22
1244 1534 21
1244 1919 15
1245 1273 32
1245 1309 64
1245 1359 26
1246 1314 97
1246 1618 3
1246 1845 37
1246 1885 93
1246 1887 19
1247 1374 39
1247 1430 8
1247 1931 18
1247 1933 84
1248 1542 35
1248 1563 85
1249 1639 20
1250 1375 78
1250 1521 99
1250 1625 83
1250 1656 100
1250 1892 70
1251 1292 17
1251 1298 57
1251 1361 95
1251 1546 32
1251 1628 59
1251 1766 81
1251 1771 21
1252 1890 62
1253 1291 52
1253 1980 26
1254 1258 62
1254 1416 51
1254 1558 17
1255 1272 10
1255 1392 68
1255 1473 16
1255 1532 51
1255 1586 50
1256 1329 72
1256 1498 45
1256 1757 2
1257 1880 53
1258 1396 58
1258 1699 45
1259 1681 24
1259 1730 100
1259 1947 32
1259 1948 2
1260 1264 52
1260 1379 85
1260 1691 33
1260 1981 31
1261 1313 36
1261 1517 33
1261 1759 61
1262 1593 57
1263 1704 49
1263 1871 77
1264 1530 3
1264 1618 74
1264 1646 3
1264 1647 6
1264 1657 35
1265 1341 16
1265 1512 71
1265 1519 40
1265 1720 57
1265 1859 61
1265 1955 54
1266 1517 60
1266 1954 57
1267 1276 68
1267 1396 20
1267 1733 6
1267 1884 29
1267 1960 9
1268 1283 28
1269 1353 64
1269 1603 73
1270 1518 59
1270 1689 30
1270 1927 84
1271 1359 90
1271 1723 16
1272 1279 45
1272 1501 64
1272 1555 3
1272 1559 80
1272 1663 28
1272 1924 19
1273 1471 58
1273 1543 46
1273 1885 60
1274 1597 81
1274 1604 38
1274 1827 24
1274 1852 16
1275 1333 77
1275 1508 96
1276 1358 66
1276 1555 51
1276 1942 20
1277 1440 29
1278 1388 11
1278 1685 38
1278 1900 77
1278 1942 86
1279 1329 78
1279 1444 26
1279 1754 79
1280 1379 54
1280 1401 66
1280 1471 32
1280 1560 29
1281 1291 17
1281 1344 13
1281 1346 52
1281 1745 89
1283 1434 55
1283 1580 71
1283 1633 89
1283 1812 12
1283 1997 57
1284 1410 72
1285 1715 89
1286 1565 52
1286 1659 35
1287 1317 31
1287 1368 36
1287 1772 2
1288 1835 17
1288 1959 96
1289 1355 11
1289 1463 76
1289 1503 37
1289 1535 69
1290 1993 3
1291 1391 60
1291 1523 76
1291 1877 18
1292 1329 57
1293 1333 41
1293 1776 35
1293 1848 26
1294 1388 47
1294 1534 58
1294 1631 35
1295 1342 30
1295 1673 45
1295 1805 25
1296 1430 86
1296 1553 83
1296 1965 87
1297 1562 77
1297 1614 11
1297 1728 27
1297 1928 27
1298 1808 61
1299 1519 77
1299 1569 48
1299 1968 44
1300 1769 12
1300 1852 7
1301 1439 54
1301 1489 75
1302 1478 11
1302 1509 17
1303 1377 49
1304 1419 39
1304 1825 97
1305 1420 3
1305 1463 52
1305 1670 56
1305 1759 9
1305 1937 70
1306 1625 45
1306 1771 21
1306 1804 28
1306 1825 90
1306 1935 3
1307 1440 4
1307 1568 51
1309 1764 17
1310 1336 48
1310 1690 89
1310 1745 73
1310 1839 86
1311 1631 30
1311 1860 34
1312 1586 49
1313 1553 37
1313 1965 54
1314 1652 52
1314 1846 62
1315 1355 8
1315 1697 33
1315 1919 80
1316 1452 11
1317 1568 89
1317 1940 79
1318 1438 40
1319 1362 36
1319 1369 2
1319 1405 100
1320 1534 29
1320 1966 88
1321 1459 87
1321 1682 83
1321 1828 2
1321 1965 32
1323 1546 79
1323 1685 94
1323 1933 39
1324 1581 27
1324 1789 87
1324 1894 75
1325 1399 7
1325 1425 26
1325 1741 3
1326 1489 97
1326 1886 24
1327 1343 36
1327 1400 70
1327 1584 31
1327 1775 29
1328 1351 98
1328 1388 64
1328 1602 49
1328 1864 48
1328 1876 78
1330 1403 96
1330 1727 9
1331 1332 99
1331 1423 83
1331 1747 39
1331 1976 16
1332 1608 23
1332 1856 27
1333 1352 39
1333 1514 10
1333 1667 64
1333 1683 91
1333 1867 92
1333 1955 9
1335 1490 23
1335 1575 73
1335 1787 15
1335 1923 99
1337 1453 10
1337 1669 39
1337 1697 27
1338 1380 29
1338 1386 55
1338 1398 76
1338 1456 5
1338 1804 51
1339 1343 16
1339 1410 97
1339 1418 14
1339 1960 16
1340 1432 99
1340 1471 31
1340 1659 9
1340 1700 20
1340 1958 29
1341 1727 27
1342 1701 5
1342 1780 19
1343 1769 19
1343 1776 89
1343 1786 20
1343 1991 9
1344 1416 78
1344 1555 74
1344 1793 51
1345 1437 15
1345 1444 36
1345 1589 39
1345 1605 4
1346 1660 44
1346 1673 96
1347 1392 10
1347 1582 20
1347 1637 73
1347 1713 95
1348 1502 73
1348 1706 60
1349 1650 13
1349 1796 2
1350 1418 54
1350 1473 74
1350 1504 65
1350 1782 25
1350 1985 56
1351 1453 54
1351 1588 96
1353 1666 45
1353 1798 96
1354 1814 6
1355 1491 63
1355 1833 13
1356 1858 64
1356 1868 82
1357 1376 89
1357 1774 10
1357 1878 23
1357 1963 35
1357 1994 28
1358 1904 7
1358 1948 85
1359 1438 9
1360 1717 70
1360 1814 9
1360 1903 17
1360 1925 97
1361 1602 49
1361 1810 12
1362 1536 12
1362 1712 79
1363 1563 51
1363 1766 51
1363 1941 30
1363 1995 11
1364 1530 84
1364 1614 95
1365 1467 42
1365 1661 84
1365 1988 62
1366 1530 64
1366 1939 82
1367 1815 81
1368 1385 39
1368 1723 72
1368 1725 86
1368 1799 5
1368 1865 61
1369 1440 61
1369 1451 60
1369 1480 15
1369 1678 75
1369 1734 32
1369 1766 7
1369 1780 62
1370 1884 75
1370 1977 55
1371 1415 60
1371 1525 64
1371 1893 23
1371 1931 42
1373 1453 29
1373 1804 89
1373 1879 7
1373 1901 79
1374 1616 28
1374 1964 63
1374 1986 55
1375 1688 92
1375 1954 19
1375 1967 17
1376 1653 19
1376 1774 61
1376 1866 36
1377 1391 64
1378 1394 60
1379 1435 40
1379 1526 34
1380 1576 22
1380 1662 32
1380 1832 12
1380 1836 78
1381 1434 24
1381 1537 84
1382 1458 8
1382 1512 51
1382 1764 88
1382 1968 21
1383 1702 28
1383 1730 57
1383 1763 98
1384 1483 3
1384 1559 31
1384 1597 50
1384 1606 32
1385 1502 62
1385 1755 19
1385 1851 90
1385 1931 83
1386 1396 59
1386 1449 69
1386 1843 73
1386 1887 78
1387 1542 1
1388 1440 24
1388 1508 49
1388 1788 62
1389 1813 11
1389 1851 19
1390 1616 71
1390 1691 9
1390 1700 42
1390 1718 7
1390 1759 24
1391 1612 33
1391 1631 22
1391 1881 88
1391 1983 16
1392 1568 64
1392 1687 86
1392 1783 61
1393 1471 55
1393 1872 81
1393 1946 18
1395 1701 14
1395 1828 7
1395 1950 3
1396 1724 56
1396 1784 74
1397 1985 15
1398 1776 27
1398 1797 38
1398 1959 53
1399 1488 15
1399 1593 35
1399 1597 60
1399 1609 60
1399 1641 29
1401 1430 74
1401 1880 76
1401 1902 68
1402 1891 5
1402 1916 50
1403 1418 38
1403 1578 27
1404 1510 42
1404 1606 8
1404 1648 86
1404 1654 33
1404 1676 90
1404 1708 5
1404 1883 84
1405 1630 14
1405 1828 39
1405 1892 39
1405 1995 87
1406 1603 57
1406 1715 47
1407 1802 94
1407 1983 88
1408 1697 21
1408 1781 8
1408 1817 30
1409 1435 91
1409 1757 38
1410 1612 63
1410 1841 35
1411 1865 91
1412 1486 45
1412 1635 36
1412 1736 35
1412 1840 74
1413 1459 86
1413 1848 93
1413 1935 1
1414 1564 76
1414 1731 11
1414 1964 58
1415 1738 5
1416 1442 40
1416 1597 48
1416 1718 20
1417 1488 34
1417 1578 26
1417 1979 62
1418 1735 39
1419 1481 81
1419 1537 73
1419 1756 39
1419 1821 35
1420 1478 70
1420 1638 21
1420 1905 3
1422 1671 71
1422 1856 44
1422 1922 43
1423 1908 11
1424 1476 31
1424 1502 86
1424 1531 77
1424 1548 5
1424 1878 19
1425 1601 14
1425 1611 97
1425 1650 61
1425 1914 33
1425 1915 14
1426 1679 76
1427 1456 38
1427 1569 71
1427 1712 50
1427 1752 38
1428 1479 80
1428 1758 83
1428 1912 10
1428 1982 8
1429 1636 51
1429 1691 70
1429 1755 81
1429 1765 86
1429 1886 49
1429 1964 16
1431 1525 59
1431 1620 14
1431 1756 91
1432 1520 15
1432 1912 52
1433 1497 56
1433 1544 90
1433 1767 87
1434 1811 74
1435 1767 35
1436 1739 72
1438 1918 65
1438 1942 72
1438 1949 2
1440 1702 59
1440 1727 22
1440 1866 27
1441 1512 52
1441 1729 7
1441 1735 43
1441 1834 51
1443 1998 32
1445 1581 28
1445 1607 71
1445 1943 29
1445 1999 17
1447 1514 93
1447 1738 69
1447 1775 40
1448 1454 31
1448 1544 26
1448 1966 49
1449 1452 36
1449 1550 20
1449 1720 10
1449 1806 79
1449 1827 85
1449 1988 59
1449 1997 44
1449 1999 71
1450 1904 13
1452 1483 60
1452 1627 94
1452 1729 74
1452 1749 35
1452 1966 83
1453 1745 81
1454 1551 53
1454 1696 90
1454 1758 97
1454 1801 83
1454 1955 46
1455 1979 46
1456 1466 47
1456 1746 34
1456 1763 28
1456 1963 93
1457 1964 82
1458 1462 59
1458 1863 31
1459 1925 70
1460 1647 100
1460 1848 16
1460 1969 72
1461 1488 43
1461 1525 30
1461 1730 36
1463 1507 50
1463 1821 23
1463 1998 5
1464 1716 60
1465 1700 37
1465 1792 52
1465 1887 65
1466 1602 15
1467 1827 14
1468 1515 28
1468 1635 77
1468 1636 54
1468 1651 49
1468 1667 83
1468 1708 19
1468 1751 54
1468 1867 87
1468 1895 69
1469 1711 66
1470 1515 78
1471 1686 94
1471 1774 21
1471 1906 19
1473 1753 8
1474 1983 85
1475 1650 71
1475 1784 20
1476 1624 100
1476 1762 16
1477 1509 56
1477 1927 89
1477 1937 79
1478 1663 19
1478 1803 36
1478 1990 92
1479 1537 34
1479 1815 60
1480 1673 12
1480 1895 89
1481 1634 70
1481 1977 20
1482 1598 73
1482 1615 87
1482 1919 87
1483 1832 80
1483 1850 97
1483 1913 36
1483 1981 28
1484 1992 60
1485 1616 53
1485 1901 65
1486 1531 61
1486 1668 10
1486 1984 1
1488 1944 71
1489 1719 77
1489 1808 63
1489 1961 22
1490 1560 19
1490 1827 69
1490 1868 90
1492 1945 95
1493 1616 26
1493 1730 27
1493 1764 48
1493 1950 3
1494 1670 37
1496 1529 82
1496 1691 1
1496 1800 91
1497 1573 50
1497 1599 1
1497 1632 21
1497 1865 18
1497 1990 1
1498 1703 16
1499 1528 66
1499 1553 27
1499 1581 80
1499 1593 30
1499 1886 90
1499 1904 59
1500 1574 97
1500 1779 28
1500 1797 100
1500 1810 94
1501 1503 98
1502 1570 54
1503 1745 43
1505 1672 79
1505 1863 66
1506 1543 3
1506 1839 95
1506 1910 63
1507 1674 66
1508 1604 86
1508 1607 47
1508 1782 94
1508 1809 40
1509 1757 23
1509 1859 12
1509 1983 86
1510 1915 53
1511 1761 53
1512 1544 55
1512 1751 87
1512 1851 16
1513 1955 27
1514 1662 10
1514 1744 18
1514 1786 100
1514 1813 21
1516 1576 99
1516 1825 34
1516 1861 61
1517 1637 89
1518 1602 57
1518 1846 96
1519 1824 18
1519 1987 37
1520 1655 73
1520 1901 36
1521 1626 20
1521 1832 72
1522 1557 78
1525 1578 99
1525 1770 90
1525 1909 75
1527 1603 51
1528 1691 53
1528 1852 26
1529 1765 94
1530 1703 84
1530 1764 20
1530 1851 91
1532 1847 55
1533 1895 75
1534 1821 63
1535 1670 43
1536 1704 50
1536 1932 24
1538 1591 17
1538 1665 53
1539 1559 12
1539 1669 60
1539 1814 47
1539 1989 16
1540 1684 36
1541 1745 9
1541 1875 5
1542 1969 18
1543 1786 17
1543 1910 18
1544 1704 71
1544 1797 92
1545 1669 70
1545 1916 47
1547 1736 27
1547 1752 26
1547 1901 99
1548 1668 51
1549 1582 89
1549 1898 36
1550 1649 49
1550 1669 52
1550 1714 26
1550 1811 28
1550 1906 74
1552 1688 20
1552 1741 28
1553 1931 27
1554 1912 8
1555 1673 17
1555 1709 15
1555 1763 24
1558 1626 80
1558 1661 39
1558 1956 18
1560 1595 68
1560 1700 88
1560 1771 19
1560 1780 90
1560 1882 2
1561 1573 88
1561 1674 44
1561 1882 59
1562 1783 79
1562 1840 61
1563 1722 16
1563 1748 65
1563 1751 33
1565 1906 84
1565 1948 95
1566 1656 69
1566 1668 7
1566 1725 46
1567 1572 86
1567 1595 33
1568 1667 94
1568 1922 19
1569 1630 34
1569 1960 41
1570 1855 69
1570 1906 29
1570 1985 91
1572 1901 8
1572 1925 12
1573 1588 79
1573 1624 30
1573 1743 45
1575 1693 48
1575 1831 81
1575 1926 31
1576 1980 54
1577 1945 21
1578 1727 23
1578 1834 7
1579 1878 6
1579 1901 98
1579 1903 40
1580 1661 32
1580 1919 13
1581 1630 9
1581 1804 89
1581 1979 74
1584 1720 68
1585 1632 21
1586 1751 76
1587 1871 36
1589 1647 9
1589 1732 56
1590 1742 100
1591 1609 4
1591 1620 99
1591 1849 76
1591 1913 83
1592 1686 56
1592 1704 23
1592 1836 86
1592 1944 54
1593 1748 67
1594 1803 80
1594 1816 3
1594 1886 43
1594 1949 15
1595 1824 6
1595 1935 35
1596 1752 68
1597 1598 73
1597 1684 5
1597 1741 46
1597 1876 98
1597 1901 71
1597 1959 51
1598 1854 96
1598 1867 51
1599 1638 36
1600 1953 29
1601 1692 76
1601 1935 36
1601 1964 89
1602 1777 35
1602 1964 20
1603 1837 10
1603 1847 47
1604 1991 50
1605 1734 70
1605 1799 4
1606 1657 81
1606 1685 4
1606 1712 85
1606 1760 42
1606 1827 16
1606 1851 10
1606 1909 40
1606 1951 35
1607 1894 12
1608 1629 32
1608 1654 44
1608 1735 78
1608 1766 91
1608 1768 99
1609 1755 28
1609 1879 77
1609 1943 84
1610 1792 56
1611 1700 78
1611 1744 12
1611 1975 22
1612 1877 48
1613 1916 82
1614 1636 50
1617 1663 91
1617 1981 63
1618 1687 62
1620 1802 45
1620 1868 2
1620 1881 70
1623 1804 28
1624 1659 43
1624 1874 71
1625 1872 39
1625 1881 28
1625 1909 88
1625 1989 71
1626 1628 28
1626 1765 68
1626 1769 88
1626 1816 17
1626 1970 50
1627 1890 47
1627 1908 47
1627 1924 47
1629 1695 64
1629 1752 55
1629 1831 44
1629 1956 64
1629 1990 72
1630 1713 42
1630 1923 11
1631 1689 80
1631 1962 79
1632 1698 7
1632 1761 99
1632 1800 51
1632 1853 22
1634 1639 77
1634 1923 44
1635 1707 26
1636 1701 30
1636 1983 3
1637 1771 73
1637 1840 98
1638 1959 51
1639 1692 35
1639 1802 18
1639 1820 13
1641 1673 5
1641 1923 83
1641 1979 24
1642 1765 60
1643 1704 37
1643 1777 10
1643 1956 10
1644 1980 30
1645 1837 19
1645 1862 67
1646 1782 31
1647 1968 43
1647 1973 63
1648 1676 79
1648 1737 2
1649 1739 25
1649 1862 57
1650 1943 8
1651 1803 25
1651 1832 99
1652 1752 97
1652 1945 34
1653 1696 69
1653 1778 42
1653 1891 41
1654 1682 83
1654 1704 32
1654 1795 87
1654 1893 34
1654 1999 76
1655 1790 57
1655 1910 58
1655 1992 14
1656 1790 61
1656 1798 25
1657 1737 20
1658 1778 84
1658 1946 33
1659 1746 1
1659 1958 3
1660 1921 20
1661 1932 43
1662 1793 16
1663 1975 81
1666 1865 13
1666 1948 78
1667 1764 94
1668 1783 17
1668 1961 37
1669 1827 76
1669 1913 30
1670 1760 94
1671 1758 22
1671 1778 12
1671 1893 80
1672 1710 69
1672 1727 61
1672 1816 9
1672 1955 89
1674 1687 71
1674 1792 54
1677 1776 18
1679 1699 4
1679 1734 18
1681 1789 48
1683 1871 51
1683 1938 4
1684 1951 13
1685 1691 31
1685 1774 44
1686 1855 2
1687 1891 47
1688 1980 35
1690 1698 90
1691 1717 17
1691 1719 42
1691 1949 19
1692 1868 99
1692 1954 99
1694 1928 46
1695 1779 78
1695 1882 59
1696 1795 81
1701 1991 48
1703 1760 53
1704 1934 94
1705 1815 84
1707 1789 23
1707 1863 29
1708 1779 82
1708 1972 29
1709 1762 76
1710 1746 31
1710 1760 77
1710 1943 15
1711 1888 42
1713 1879 65
1713 1882 32
1714 1729 5
1715 1812 17
1715 1987 40
1716 1892 71
1717 1803 41
1717 1891 40
1718 1888 49
1720 1842 5
1720 1866 20
1722 1835 30
1722 1850 97
1724 1790 17
1724 1821 77
1725 1844 93
1726 1891 40
1727 1940 63
1730 1775 65
1732 1897 67
1734 1881 95
1737 1857 41
1739 1895 88
1741 1991 75
1742 1903 59
1742 1982 70
1743 1893 77
1745 1770 30
1745 1883 2
1745 1944 75
1748 1918 3
1750 1819 2
1750 1878 14
1753 1864 30
1753 1878 51
1753 1879 97
1754 1886 47
1754 1943 52
1758 1840 68
1760 1875 74
1760 1884 86
1760 1922 92
1761 1834 85
1761 1848 42
1762 1793 57
1765 1920 72
1765 1957 80
1765 1959 28
1768 1786 75
1768 1962 10
1771 1859 68
1771 1951 22
1773 1883 85
1775 1914 19
1775 1923 56
1777 1916 57
1777 1924 41
1778 1866 32
1779 1861 82
1779 1881 12
1779 1914 74
1779 1917 54
1780 1962 19
1781 1797 23
1781 1815 75
1781 1835 89
1781 1928 79
1783 1922 80
1786 1944 65
1788 1924 34
1791 1908 58
1791 1975 72
1792 1861 84
1793 1999 72
1794 1920 86
1795 1861 6
1796 1869 36
1797 1952 20
1800 1883 60
1800 1897 51
1800 1901 20
1801 1880 8
1804 1957 15
1808 1878 67
1808 1882 9
1808 1947 6
1810 1922 65
1813 1924 59
1813 1968 73
1815 1863 89
1815 1897 56
1815 1927 86
1818 1890 15
1819 1923 61
1819 1968 49
1821 1971 93
1822 1940 2
1823 1970 2
1825 1958 29
1826 1890 39
1827 1975 6
1828 1843 55
1828 1871 48
1828 1912 14
1828 1941 25
1828 1997 12
1829 1959 40
1832 1945 12
1834 1879 44
1835 1922 56
1839 1927 69
1843 1904 18
1848 1889 28
1848 1952 43
1853 1865 40
1853 1931 97
1855 1957 60
1855 1994 75
1860 1881 51
1860 1943 36
1862 1984 94
1868 1941 36
1869 1920 88
1870 1946 24
1871 1899 38
1873 1909 67
1873 1949 8
1873 1983 98
1878 1946 3
1879 1883 17
1880 1988 72
1883 1924 45
1889 1918 28
1889 1922 48
1894 1972 53
1895 1998 47
1897 1987 78
1905 1915 52
1905 1976 92
1915 1959 99
1924 1979 80
1927 1973 44
1930 1931 79
1932 1977 25
1933 1967 58
1944 1968 57
1945 1951 51
1945 1978 12
1955 1991 38
1956 1994 45
1961 1969 49
1992 1997 57
1992 1999 75
