144 161 78 20
14893 12106
1179 193
16184 2750
19315 9113
4175 2007
16376 13695
17126 538
1048 541
12628 537
6917 2196
4236 3547
2181 1786
16532 15847
8392 4517
12203 12027
13791 8477
11092 2502
20872 19664
10529 5483
4665 1361
6019 5517
22369 19540
3803 2642
22446 21135
17697 16173
1321 2
13440 3277
22977 19999
20714 5416
10381 9082
20739 3834
21311 8083
19189 338
638 465
3595 2438
19733 11616
21948 3568
9665 8537
18274 5527
10161 4675
14354 4531
7183 6360
9576 1143
5363 1942
9475 6322
13077 11292
10070 8702
10392 6187
452 203
21783 815
16518 8766
21990 10468
21238 8514
22249 971
14645 3635
15795 14983
16418 1927
817 494
17386 15645
21660 11160
1492 824
18020 10172
16647 8728
19007 6762
4586 1952
21638 3100
14527 10147
21268 2094
5714 690
11892 6209
15656 6152
14922 11699
14803 13156
8239 5327
15208 816
6730 3971
12266 1462
5770 3597
