55 74 57 31
1053 823
3790 3715
2855 1778
2082 1930
1103 396
3203 1050
182 33
2272 1639
597 449
98 7
3385 106
3961 3369
3249 2312
3884 1776
392 239
3501 834
3923 3849
1707 888
1957 1263
723 447
1991 357
620 302
1033 701
3283 1941
849 684
1432 1110
166 86
1329 103
1108 885
3141 2759
3079 2758
2760 2373
3314 2634
744 444
1724 666
2374 1333
3164 1408
366 75
644 340
985 833
2538 451
1995 805
4061 2230
3572 2967
3332 3184
401 320
634 408
612 15
1068 322
2089 748
3199 2084
3301 2445
850 403
3998 1036
1267 518
3268 2519
3208 394
