72 175 52 11
1050 350
4620 3547
2160 731
10364 9997
4215 3165
11648 7588
919 737
9785 5751
8068 3329
7794 7581
12309 3713
4465 1410
6473 15
8851 3013
4627 557
432 31
8947 2643
12267 8063
3261 3059
8436 901
6383 1590
1720 1526
6989 2167
10551 5778
4330 756
8920 791
2875 932
11000 9497
971 545
327 40
10573 6707
8003 702
6794 4412
8073 5962
6186 39
4628 2822
3557 2826
3409 1479
4763 1418
7556 195
10038 6530
7086 5306
4145 905
4867 1609
6062 3593
9220 7396
9230 6950
2375 775
9144 2457
2997 184
4130 2844
6215 3227
