153 173 79 19
10976 6595
19284 915
8951 6350
2761 2216
7952 6535
14548 2079
796 438
19454 16686
25684 16296
18248 11469
19268 10782
25575 4001
3259 1640
13155 4674
18754 3699
9509 5239
499 29
12694 7960
13372 10901
5307 4891
4531 192
22849 4165
16789 524
11065 9778
23459 17162
14678 7707
25754 25153
22037 9728
21846 16457
16147 1094
17463 2429
21170 8362
6122 2977
13407 6936
13457 3577
12433 1175
899 698
5458 1614
24222 24047
9767 4370
8147 3645
18291 4686
12379 11859
5186 1218
12512 9194
5736 3306
19861 6119
8556 4858
10313 2442
20016 16985
18613 13380
23966 16484
16059 9074
5356 4756
25637 18518
1199 779
14176 407
1515 598
20369 2809
16751 4451
6915 2244
16605 1160
4574 1928
15412 11256
14487 9894
17853 5041
4045 2637
26036 5778
15770 11441
14991 8554
25282 1221
1937 1232
18367 12139
1368 221
17915 4212
22034 16782
4007 709
18441 3644
21734 8311
