177 178 95 1
24367 6621
3633 226
27634 18174
15230 10548
6859 586
31445 24846
13056 6052
8202 6060
10211 8595
22676 21027
30677 13546
23343 20312
241 24
11807 935
18194 13891
15204 2195
25704 8023
16165 374
12718 6278
6390 2213
12509 5374
1294 581
19790 13363
28652 9168
12305 1625
19358 4916
5875 712
10724 1468
8336 2087
18540 5711
30806 897
7391 432
25928 5746
27954 17269
6441 5697
12478 4985
2944 562
24921 16554
24132 21276
7011 5401
5099 4812
3793 1958
12809 919
16061 4107
20875 192
27755 15699
9571 2970
496 1
2265 359
28091 22700
3373 1273
19817 11443
23348 12106
22525 22141
5855 3491
3478 2880
2134 127
2439 38
22543 13949
30886 6064
6520 1495
13425 7906
19708 1657
23037 13946
28572 9813
16337 15541
28871 25464
5314 4228
22826 1275
10983 2745
10456 8315
26466 11072
305 54
18267 17510
3943 3744
19563 3276
10199 8028
30144 22637
23784 13553
2524 1795
1200 11
20559 4456
11555 10553
15248 447
30092 1076
3855 1255
10342 189
4090 792
3394 545
28519 10504
9342 4460
28490 22251
12163 7687
12339 9299
5462 2222
