210 15000 45
0 140
10 2376
14 165
23 2986
24 5790
25 2513
27 415
28 940
31 576
36 637
43 3987
48 838
57 979
61 996
63 1038
70 1115
79 4651
80 1129
89 2904
94 1406
100 1424
104 1429
106 1448
111 1645
117 1550
118 4695
128 1651
134 1716
137 4682
140 6132
147 2014
149 2058
157 2093
166 2132
176 5302
186 3812
187 5599
194 3152
200 291
201 2564
202 2697
207 5663
217 3309
226 5400
231 237
236 3084
244 3116
249 3172
256 3200
265 3242
267 3276
271 3286
279 2822
285 3329
289 3357
296 3472
303 185
311 1400
316 3524
326 3634
330 3655
339 1030
345 3692
355 82
365 3866
366 741
371 4146
381 4223
388 3367
393 4380
394 4455
399 4528
407 4363
413 4641
415 1792
422 4762
423 4932
432 3790
437 5141
447 5169
453 5205
463 2315
471 2740
473 6698
481 5319
491 5428
495 5500
505 5553
507 5560
510 5598
516 5645
526 4978
532 2533
541 5837
545 5941
554 6117
560 1737
564 5821
566 6213
576 6313
579 1197
581 6509
588 2860
593 6792
602 6865
607 6900
612 6956
618 7069
623 7198
629 7203
636 7245
641 7305
649 7342
659 7469
666 7486
669 7513
676 7556
681 7765
685 7819
695 7916
696 7965
697 8038
702 8086
706 8125
713 8180
722 8262
725 8472
726 8530
728 8597
734 8687
741 8733
747 8794
752 8850
762 8915
763 8957
768 9002
775 9040
782 9128
790 9176
795 9196
803 9256
813 9315
818 9392
823 9403
831 9447
835 9508
839 9629
843 9775
849 9864
850 9979
856 10154
866 10301
874 10521
879 10560
885 10618
895 10657
903 10857
907 10972
909 10995
911 11113
920 11153
925 11253
933 11305
939 11547
946 11660
952 11694
960 11861
962 11945
969 11964
972 12079
979 12143
985 12309
992 12366
995 12399
997 12525
1000 12630
1004 12649
1012 12658
1015 12758
1024 12769
1029 12803
1030 13022
1033 13063
1034 13122
1035 13136
1037 13271
1047 13397
1054 13437
1059 13461
1064 13488
1074 13581
1083 13593
1093 13754
1102 13836
1112 13876
1115 13937
1117 13989
1121 14078
1122 14167
1126 14207
1136 14360
1138 14417
1148 14489
1149 14519
1153 14556
1154 14577
1160 14654
1163 14715
1166 14868
1167 14883
0 4064
10 152
14 3411
23 268
24 302
25 362
27 430
28 563
31 590
36 682
43 758
48 5364
57 980
61 2754
63 1103
70 3197
79 1168
80 1236
89 1401
94 1419
100 1427
104 1444
106 1465
111 1519
117 1568
118 1510
128 1704
134 6147
137 1862
140 5185
147 2039
149 2062
157 2116
166 2235
176 2339
186 10
187 2396
194 5299
200 2556
201 2583
202 2346
207 2763
217 3360
226 3473
231 466
236 3099
244 2477
249 3569
256 3224
265 3257
267 3280
271 3302
279 3317
285 3349
289 2851
296 3395
303 4290
311 3496
316 6454
326 3640
330 5402
339 3776
345 3793
355 5320
365 3920
366 3807
371 4197
381 4246
388 4582
393 4406
394 4463
399 4552
407 4609
413 1134
415 1582
422 4931
423 4941
432 5020
437 5158
447 2008
453 6850
463 6174
471 3049
473 3678
481 5456
491 5475
495 5524
505 335
507 5563
510 2388
516 5660
526 5698
532 5463
541 5886
545 6043
554 1925
560 6158
564 6194
566 6291
576 6446
579 6502
581 6695
588 6731
593 5556
602 6892
607 6949
612 7020
618 7141
623 7201
629 7230
636 7296
641 7320
649 7353
659 7481
666 7497
669 7544
676 7650
681 7792
685 7839
695 7963
696 8028
697 8063
702 8110
706 8144
713 8259
722 8444
725 8504
726 8564
728 8623
734 8703
741 8774
747 8820
752 8912
762 8930
763 8990
768 9009
775 9050
782 9168
790 9182
795 9239
803 9263
813 9317
818 9394
823 9421
831 9469
835 9583
839 9698
843 9849
849 9955
850 10130
856 10232
866 10487
874 10539
879 10617
885 10650
895 10695
903 10893
907 10982
909 11104
911 11127
920 11197
925 11289
933 11367
939 11569
946 11662
952 11705
960 11893
962 11954
969 11985
972 12105
979 12178
985 12334
992 12375
995 12426
997 12598
1000 12638
1004 12655
1012 12722
1015 12760
1024 12793
1029 12960
1030 13059
1033 13073
1034 13131
1035 13249
1037 13352
1047 13429
1054 13446
1059 13466
1064 13494
1074 13584
1083 13702
1093 13824
1102 13858
1112 13911
1115 13988
1117 14062
1121 14084
1122 14181
1126 14329
1136 14380
1138 14426
1148 14507
1149 14555
1153 14569
1154 14612
1160 14693
1163 14758
1166 14878
1167 14937
