460 100000 85
0 84
5 272
7 42801
13 20990
20 1061
30 1066
38 49551
39 1420
41 49211
50 38736
57 5191
58 2245
61 26288
70 14974
72 2552
74 2848
77 32800
82 11767
86 29220
87 3815
96 3882
101 4155
107 4276
116 4606
122 37808
128 49622
132 12507
133 5185
138 5274
147 5550
151 5712
153 5892
163 6377
165 6732
170 6981
179 2392
188 3020
192 7297
195 7469
196 4859
198 24468
201 8039
206 43692
212 14455
219 2940
221 3802
227 1241
231 9228
235 9515
237 9159
240 21795
241 10810
243 12739
252 11261
259 11492
262 7420
269 12459
273 12586
280 12772
285 40884
294 13361
298 13570
303 13810
304 13865
307 13859
315 14239
324 22253
325 14587
332 43324
342 14841
348 25169
352 19095
361 14091
368 15503
370 15605
378 36686
385 16104
391 16723
396 16865
400 16925
410 17048
417 17101
425 29296
432 17292
434 46258
441 17754
449 48074
456 18369
457 18421
460 34193
468 18622
474 18656
478 25060
488 15054
491 29205
499 32053
507 42543
517 8995
526 20428
529 40536
538 20595
541 41221
549 10403
552 18826
554 21739
557 44456
561 22044
564 14448
574 17088
576 7560
579 23138
584 23154
586 23487
590 37130
594 23943
601 24041
610 24225
615 24441
617 24491
626 24695
627 24845
628 25124
631 27271
635 25553
638 25956
642 19381
647 1863
655 26749
660 46616
669 27101
672 25244
673 27663
675 27800
678 28244
688 40034
694 36653
702 24840
710 29533
711 29832
720 29861
725 30312
731 30982
736 31195
740 31367
746 31408
755 31491
765 19361
772 32183
782 32772
791 38191
796 33079
802 33464
805 36737
808 34070
812 34355
815 34430
817 35217
826 35801
827 42238
833 35945
834 36281
840 36503
844 36642
851 15966
861 36854
867 40366
870 37185
878 37488
885 920
893 4670
896 14410
905 38729
914 31391
922 39030
924 39166
927 39515
937 39872
938 28808
939 45945
942 1257
948 20533
950 13222
954 264
957 44716
958 8497
964 41798
972 42127
978 42240
983 17475
986 42722
988 802
996 42996
1005 2309
1008 43417
1015 8240
1025 44225
1026 44299
1035 44563
1040 20746
1045 44935
1047 45038
1051 8895
1058 47312
1064 29021
1070 40126
1076 46102
1080 46146
1084 46209
1091 46220
1100 20076
1108 46339
1116 26887
1125 46982
1135 47317
1139 47690
1144 48034
1151 49150
1156 48151
1166 48328
1170 7118
1180 48811
1189 48904
1190 49147
1193 23957
1199 49569
1204 7493
1207 49720
1209 50041
1218 50763
1219 51031
1225 51575
1229 51879
1231 52167
1240 52269
1241 52301
1246 52489
1253 52761
1257 52919
1263 53041
1269 53314
1272 53383
1278 53518
1283 53607
1291 53975
1299 54153
1300 54678
1303 54796
1313 54923
1322 54976
1330 55456
1331 55652
1335 55938
1337 56082
1345 56194
1352 56386
1354 56595
1360 56797
1363 57153
1364 57209
1365 57563
1369 57626
1370 57896
1376 58148
1380 58210
1386 58538
1389 58592
1394 58782
1401 58830
1410 59006
1414 59353
1423 59373
1427 59474
1436 59551
1445 59896
1455 60357
1464 60445
1466 60998
1470 61153
1476 61276
1482 61784
1491 61925
1497 62062
1500 62470
1506 62765
1507 63242
1511 63418
1513 63585
1518 63702
1523 63915
1525 64158
1531 64361
1538 64513
1546 64662
1555 64901
1565 65351
1575 65575
1577 66003
1586 66052
1587 66360
1591 66602
1595 66790
1604 66902
1611 67130
1621 67251
1628 67483
1633 67654
1639 67751
1649 67873
1654 68299
1658 68578
1663 68940
1673 69056
1680 69488
1681 69613
1684 70046
1692 70164
1701 70222
1706 70510
1707 70741
1712 70836
1720 70994
1724 71439
1726 71800
1730 72111
1734 72210
1741 72322
1750 72727
1752 72962
1753 73025
1757 73181
1763 73642
1773 73783
1781 73811
1789 73953
1798 74366
1802 74718
1804 74802
1805 74874
1812 74971
1821 75270
1827 75449
1829 75585
1830 75747
1832 75980
1834 76056
1840 76161
1845 76583
1847 76750
1852 77152
1861 77385
1862 77679
1863 78234
1870 78364
1876 78711
1884 78812
1890 78906
1891 79035
1892 79477
1898 79715
1908 79878
1915 80133
1924 80549
1925 81055
1926 81151
1929 81318
1933 81416
1934 81606
1938 81758
1943 81830
1944 81895
1949 82128
1954 82411
1964 82672
1966 82682
1969 83066
1970 83366
1972 83481
1977 83763
1978 83822
1983 84573
1984 84625
1989 84845
1994 84920
1996 85109
2004 85127
2014 85305
2020 85464
2030 85668
2038 85820
2042 86324
2048 86484
2058 86707
2065 86884
2075 86930
2081 87123
2085 87182
2086 87378
2090 87810
2099 87885
2107 88082
2108 88256
2115 88315
2119 89082
2128 89177
2132 89280
2133 89306
2135 89502
2137 89522
2144 89583
2154 90591
2163 90741
2170 90957
2172 91314
2176 91373
2181 91539
2182 91836
2186 92035
2196 92066
2201 92217
2206 92323
2216 92635
2219 92935
2229 92981
2236 93028
2246 93186
2251 93225
2252 93299
2254 93347
2255 93750
2260 93808
2264 93957
2265 94177
2267 94232
2268 94359
2269 94584
2271 94886
2275 95039
2276 95079
2286 95244
2291 95535
2297 95710
2298 96164
2303 96347
2308 96626
2314 96647
2323 96741
2327 97014
2332 97152
2339 97311
2340 97346
2343 97524
2347 97834
2354 98143
2362 98793
2364 98939
2373 99002
2374 99095
2379 99258
2389 99598
2399 99716
0 41105
5 325
7 833
13 886
20 7074
30 45303
38 1367
39 1746
41 14804
50 18558
57 2212
58 2288
61 2379
70 2529
72 2803
74 2899
77 48414
82 3646
86 14818
87 3844
96 4131
101 4186
107 46214
116 4659
122 4729
128 4986
132 39366
133 8148
138 5455
147 45032
151 5771
153 6228
163 6536
165 35854
170 6987
179 48884
188 7200
192 25364
195 7486
196 30050
198 20419
201 18311
206 8277
212 46462
219 41443
221 20398
227 9195
231 9334
235 9555
237 9706
240 10413
241 10893
243 11108
252 11364
259 3553
262 12220
269 5006
273 11071
280 13095
285 13300
294 13501
298 4583
303 35341
304 13928
307 15305
315 38623
324 8299
325 34987
332 40379
342 14843
348 15019
352 15095
361 15455
368 15541
370 15944
378 16047
385 16363
391 39153
396 16894
400 16950
410 22355
417 17112
425 16836
432 17437
434 17703
441 17868
449 2172
456 18371
457 18447
460 2000
468 18645
474 18660
478 18878
488 19106
491 36855
499 19924
507 40169
517 7849
526 20441
529 20537
538 20736
541 20749
549 21091
552 21534
554 21772
557 22009
561 22085
564 22317
574 22358
576 22827
579 23148
584 23420
586 23739
590 23881
594 1812
601 24195
610 45043
615 30584
617 24629
626 17174
627 21187
628 7037
631 12085
635 8370
638 49592
642 32929
647 26533
655 26757
660 26907
669 27166
672 27644
673 27772
675 28218
678 42304
688 43370
694 3676
702 29376
710 29741
711 29852
720 22710
725 7591
731 45894
736 31241
740 38746
746 31409
755 31698
765 19775
772 32368
782 8399
791 33076
796 33410
802 33637
805 34040
808 38784
812 34369
815 36540
817 13994
826 35828
827 35876
833 35950
834 36306
840 14747
844 31890
851 33733
861 26048
867 37150
870 37350
878 37500
885 37529
893 26138
896 38638
905 1944
914 18474
922 17291
924 5058
927 39520
937 39874
938 40048
939 20349
942 9651
948 40551
950 41051
954 41149
957 41248
958 41622
964 41921
972 6767
978 44024
983 42546
986 42791
988 42818
996 43039
1005 45639
1008 43598
1015 28668
1025 44258
1026 865
1035 44663
1040 44788
1045 5686
1047 24260
1051 45392
1058 45429
1064 31033
1070 46064
1076 46134
1080 46195
1084 13578
1091 46251
1100 46321
1108 25579
1116 46981
1125 45407
1135 47328
1139 47699
1144 48051
1151 48114
1156 48254
1166 48397
1170 48490
1180 37519
1189 48973
1190 18031
1193 23872
1199 26026
1204 49683
1207 49784
1209 50277
1218 50976
1219 51569
1225 51690
1229 52149
1231 52263
1240 52288
1241 52356
1246 52751
1253 52821
1257 52982
1263 53155
1269 53319
1272 53447
1278 53549
1283 53681
1291 54002
1299 54635
1300 54791
1303 54901
1313 54949
1322 55201
1330 55574
1331 55812
1335 56079
1337 56141
1345 56330
1352 56429
1354 56600
1360 57006
1363 57178
1364 57487
1365 57600
1369 57764
1370 57993
1376 58151
1380 58249
1386 58591
1389 58745
1394 58812
1401 58912
1410 59178
1414 59354
1423 59388
1427 59533
1436 59577
1445 60151
1455 60440
1464 60559
1466 61146
1470 61155
1476 61384
1482 61898
1491 61955
1497 62340
1500 62624
1506 62824
1507 63411
1511 63513
1513 63629
1518 63887
1523 64071
1525 64302
1531 64477
1538 64648
1546 64722
1555 65280
1565 65496
1575 65805
1577 66008
1586 66226
1587 66491
1591 66685
1595 66803
1604 66945
1611 67237
1621 67321
1628 67545
1633 67726
1639 67753
1649 67991
1654 68553
1658 68852
1663 68956
1673 69334
1680 69552
1681 69739
1684 70086
1692 70181
1701 70423
1706 70529
1707 70834
1712 70973
1720 71409
1724 71637
1726 71984
1730 72206
1734 72275
1741 72446
1750 72783
1752 72966
1753 73172
1757 73402
1763 73711
1773 73800
1781 73887
1789 74225
1798 74529
1802 74780
1804 74810
1805 74970
1812 75161
1821 75411
1827 75551
1829 75708
1830 75838
1832 76046
1834 76068
1840 76406
1845 76585
1847 76760
1852 77357
1861 77468
1862 78101
1863 78248
1870 78365
1876 78775
1884 78822
1890 78935
1891 79285
1892 79607
1898 79860
1908 80090
1915 80449
1924 80741
1925 81146
1926 81162
1929 81388
1933 81575
1934 81675
1938 81761
1943 81881
1944 81911
1949 82204
1954 82611
1964 82677
1966 82903
1969 83256
1970 83374
1972 83582
1977 83816
1978 84453
1983 84605
1984 84831
1989 84874
1994 84957
1996 85122
2004 85136
2014 85446
2020 85620
2030 85689
2038 86320
2042 86417
2048 86634
2058 86740
2065 86922
2075 87083
2081 87128
2085 87279
2086 87594
2090 87823
2099 87886
2107 88190
2108 88313
2115 88463
2119 89142
2128 89264
2132 89305
2133 89501
2135 89505
2137 89572
2144 89811
2154 90596
2163 90879
2170 91222
2172 91332
2176 91392
2181 91603
2182 91932
2186 92040
2196 92181
2201 92251
2206 92540
2216 92754
2219 92936
2229 93002
2236 93150
2246 93218
2251 93228
2252 93311
2254 93414
2255 93789
2260 93832
2264 94063
2265 94189
2267 94259
2268 94402
2269 94623
2271 95027
2275 95050
2276 95115
2286 95506
2291 95614
2297 95779
2298 96195
2303 96610
2308 96627
2314 96694
2323 96800
2327 97055
2332 97263
2339 97338
2340 97521
2343 97653
2347 98089
2354 98276
2362 98799
2364 98957
2373 99014
2374 99107
2379 99324
2389 99612
2399 99926
