690 200000 90
0 64853
10 356
20 636
30 28776
33 75152
39 2214
40 87191
41 17977
45 17385
51 3705
58 3924
65 4254
69 4593
70 4662
75 4819
82 5220
89 6029
98 40075
107 82019
114 56926
123 7674
129 29762
132 34036
135 8568
141 8665
149 8986
154 9182
163 95120
167 9741
172 9908
180 11048
189 11402
191 11465
196 11570
206 27985
207 11990
217 12224
225 12302
235 12382
236 66851
239 12953
240 13123
250 75075
260 13730
269 13877
275 13962
276 49591
279 14505
280 11293
288 15098
295 15618
303 15923
306 16170
308 16380
318 35667
327 16505
337 16578
340 48768
342 17025
349 17152
356 17201
362 17390
363 17726
368 17935
377 31149
385 85390
395 73265
404 18972
414 18991
419 19483
423 19517
433 19719
443 19882
448 19961
450 20389
452 84458
455 25905
461 21696
466 22207
467 53228
474 22452
478 17027
479 23271
481 73709
487 23425
494 23935
499 24082
503 24419
506 24554
509 86307
512 24693
521 82865
526 25626
527 21225
536 25968
543 26136
553 66958
559 26784
565 27359
574 69770
579 27823
586 27971
595 28465
599 28658
604 29380
605 23320
608 29212
618 58194
623 22448
624 27532
626 29585
631 29775
640 69175
648 31114
652 54456
653 31157
657 31660
665 32158
675 32555
676 32879
680 33274
684 872
685 34015
689 34141
698 34337
707 73530
714 29355
722 35298
730 35415
732 35531
741 35694
744 35984
750 36053
753 53554
755 79474
762 95223
771 37103
773 37945
774 94782
777 38168
779 38471
784 38731
786 13954
796 89961
800 22002
804 40083
810 37682
817 72069
821 41153
828 55334
829 42241
834 42590
839 50072
847 42942
849 91538
858 43885
864 92792
871 44490
881 6552
884 44788
887 36301
891 45423
894 45513
902 29384
905 50151
911 46287
916 46942
920 47124
930 47216
933 71519
942 12295
944 47792
948 3512
951 48266
956 50909
962 48653
968 95743
975 49079
984 49219
994 85605
1001 49798
1004 50016
1009 50087
1014 81017
1022 51033
1032 73010
1038 19771
1046 52131
1048 52881
1049 76666
1056 35742
1060 68170
1065 36063
1072 36108
1076 53738
1080 53823
1087 60538
1088 54167
1090 54450
1096 54499
1100 54921
1103 55056
1104 55391
1105 55624
1106 55875
1114 47458
1119 56211
1127 56301
1128 56546
1132 56641
1141 7049
1143 57175
1152 79040
1153 69213
1156 57799
1166 78538
1170 58297
1177 33205
1181 16696
1182 59040
1187 59153
1196 59706
1206 40389
1210 60513
1216 60743
1225 61162
1232 61374
1236 61930
1239 45818
1243 23325
1249 77446
1255 62425
1262 62598
1270 63027
1274 63724
1280 64229
1287 64418
1289 46137
1296 65099
1303 65136
1307 84065
1308 91174
1314 76125
1323 65794
1333 66355
1335 88188
1341 57418
1346 67601
1348 9135
1350 93576
1355 68213
1359 68629
1361 68767
1371 12610
1372 57592
1382 4410
1389 69704
1396 69909
1404 70239
1413 70863
1419 44582
1427 88205
1433 40995
1435 96070
1441 72409
1451 72591
1460 39554
1470 73017
1472 73197
1481 73324
1488 53281
1492 73658
1501 38061
1506 74548
1509 29369
1510 75227
1513 75509
1519 75807
1527 65642
1529 76231
1531 17422
1540 76948
1543 77400
1552 77558
1553 77744
1560 78336
1569 78498
1577 78561
1583 24696
1584 82303
1588 79402
1595 79485
1601 80566
1610 81270
1611 81458
1619 81816
1629 88877
1636 11948
1646 82663
1654 29196
1660 83664
1663 48552
1672 65329
1674 51700
1680 18551
1685 14123
1690 91735
1696 69445
1702 24590
1705 86511
1713 86588
1720 87155
1721 92881
1723 87725
1725 87936
1729 66812
1730 86515
1740 88786
1749 88970
1753 89400
1763 89724
1767 89963
1773 90063
1774 90516
1776 90640
1786 65515
1794 91594
1797 91659
1802 91747
1807 92604
1812 87601
1813 93370
1822 34441
1831 93624
1839 93654
1842 73932
1850 94131
1857 94351
1864 94655
1874 38034
1878 9446
1882 95572
1892 95631
1898 95819
1902 96020
1905 96201
1912 96309
1913 96700
1920 97119
1930 97593
1932 97708
1934 98116
1940 98282
1947 98842
1954 99158
1955 99614
1959 99782
1967 100043
1971 100106
1972 100767
1973 100905
1979 101104
1980 101424
1989 101835
1996 101998
2004 102129
2012 102179
2014 102223
2016 102410
2025 102662
2027 102700
2029 102919
2030 103039
2037 103717
2045 103769
2046 104069
2055 104155
2062 104222
2069 104366
2073 104546
2076 104888
2081 105218
2083 105305
2093 105547
2103 106128
2106 106157
2107 106565
2113 106816
2116 106890
2123 106915
2131 107024
2138 107255
2147 107873
2148 108230
2154 108302
2157 108569
2167 108910
2174 109183
2177 109336
2181 109398
2185 109707
2193 109840
2196 110095
2199 110281
2200 110357
2210 110569
2213 110753
2222 111026
2225 111356
2234 111566
2241 111727
2248 112144
2258 112355
2266 112529
2273 112739
2277 113230
2286 114326
2296 115071
2299 115260
2306 115505
2312 115965
2315 116604
2321 117190
2327 117389
2328 118456
2329 118674
2333 118933
2341 119221
2349 119612
2356 119711
2364 119845
2369 120023
2372 120612
2381 121075
2387 121216
2395 121381
2399 121606
2400 121759
2405 122530
2406 122582
2413 122947
2423 123504
2425 123704
2429 123837
2439 124108
2448 124884
2452 125115
2462 125364
2467 125616
2469 125751
2476 125903
2479 126125
2489 126365
2496 126438
2498 126626
2508 127003
2516 127447
2526 127496
2529 127762
2530 128053
2535 128682
2537 128848
2545 129633
2546 129743
2551 130076
2559 130283
2568 130507
2576 130671
2582 130894
2592 131149
2594 131295
2601 131882
2604 132069
2607 132369
2615 132547
2616 132726
2618 132999
2619 133377
2629 133668
2638 133774
2639 133924
2648 134138
2657 134709
2665 134757
2669 134811
2676 134944
2686 135009
2689 135140
2697 135331
2698 135506
2706 135800
2711 136264
2715 136687
2722 136932
2731 137014
2739 137351
2746 138116
2749 138385
2755 138639
2765 139278
2767 139456
2774 139889
2778 140311
2788 140366
2798 140503
2803 140628
2812 140668
2818 140702
2826 141423
2835 142069
2839 142728
2841 142942
2851 143398
2853 143574
2854 143729
2860 143980
2861 144125
2868 144256
2869 144514
2877 144610
2881 144760
2890 144985
2893 145022
2895 145136
2904 145363
2911 145657
2912 146068
2920 146300
2930 146575
2939 146858
2949 147193
2954 147741
2961 147980
2970 148032
2976 148321
2986 148381
2989 148479
2997 148679
3004 149224
3012 149634
3013 149750
3023 150264
3025 150534
3027 150835
3033 151158
3041 151251
3050 151353
3058 151564
3064 151993
3068 152238
3075 152481
3076 152557
3081 153544
3085 154201
3093 154331
3100 154565
3107 154745
3115 154960
3118 155014
3125 155345
3126 155794
3130 156394
3137 157119
3146 157417
3155 157606
3161 157925
3169 158212
3171 158373
3173 158740
3175 158886
3183 159206
3189 159652
3193 159852
3200 160407
3205 160531
3206 160733
3211 160804
3220 161565
3228 161653
3237 161845
3244 162210
3250 162742
3259 163114
3260 163815
3266 164232
3271 164767
3275 164963
3278 165128
3280 165393
3288 165494
3293 165910
3298 166579
3301 166908
3305 167017
3306 167288
3308 167557
3312 167759
3322 168033
3332 168216
3335 168255
3340 168545
3342 168806
3350 169646
3352 170086
3360 170583
3367 170702
3370 170718
3377 171446
3378 171900
3387 172897
3397 173162
3405 173495
3412 173637
3419 174144
3427 174358
3434 174546
3443 175077
3449 175320
3451 175755
3452 175889
3460 176229
3463 176326
3471 176504
3476 176743
3486 178129
3493 178200
3494 178410
3504 178481
3514 179497
3521 179789
3525 179838
3534 179891
3538 179959
3545 180267
3554 180750
3563 181265
3570 181581
3574 181656
3578 181992
3584 182248
3592 182694
3596 183381
3602 183505
3610 183589
3620 183680
3627 183820
3633 184204
3637 184509
3639 184607
3646 185113
3648 185476
3650 185606
3659 185900
3665 187111
3669 187250
3670 187596
3674 187659
3683 187787
3685 188125
3688 188810
3697 189715
3706 189807
3716 189881
3722 190006
3727 190269
3729 190587
3732 191099
3735 191579
3741 192598
3749 193228
3750 193921
3757 194042
3767 194181
3769 194987
3772 195388
3775 195556
3783 195605
3790 195987
3797 196255
3804 196813
3807 196946
3814 197447
3816 197672
3819 197933
3822 198190
3825 198672
3834 199053
3837 199437
3847 199708
3851 199853
0 90
10 25949
20 729
30 1082
33 39397
39 2522
40 2981
41 3351
45 3607
51 3920
58 3939
65 56113
69 4641
70 52229
75 72165
82 36126
89 6183
98 6502
107 73426
114 7580
123 7696
129 7964
132 8512
135 8640
141 67855
149 8697
154 9339
163 9702
167 39631
172 10766
180 14934
189 11442
191 83234
196 62232
206 82325
207 43893
217 88573
225 90613
235 12548
236 12736
239 13099
240 33723
250 13424
260 13841
269 44660
275 14003
276 14275
279 14530
280 14942
288 15561
295 15684
303 16005
306 16294
308 16438
318 16457
327 16563
337 58700
340 16964
342 22916
349 71004
356 47961
362 52941
363 17743
368 3076
377 18092
385 47696
395 18862
404 18980
414 19071
419 19900
423 19628
433 84564
443 83909
448 20119
450 18142
452 20764
455 26414
461 56093
466 22372
467 29807
474 46211
478 23000
479 28898
481 23337
487 23489
494 24056
499 24412
503 57579
506 24558
509 24643
512 78636
521 25453
526 25641
527 469
536 94473
543 26285
553 92993
559 57275
565 51677
574 45673
579 27843
586 11846
595 28600
599 69491
604 28804
605 44308
608 29262
618 29361
623 27485
624 29551
626 7907
631 93651
640 29869
648 30655
652 11509
653 31593
657 31959
665 32274
675 32877
676 58544
680 33718
684 33874
685 8428
689 34167
698 93811
707 34804
714 35130
722 35362
730 35423
732 16450
741 53174
744 34521
750 36376
753 5461
755 36344
762 36520
771 59796
773 37948
774 73761
777 38379
779 53873
784 38822
786 1892
796 39555
800 6253
804 40302
810 40731
817 41011
821 2943
828 41487
829 42332
834 42682
839 42910
847 71106
849 43453
858 96012
864 17983
871 44700
881 42978
884 44847
887 44966
891 45465
894 45525
902 62103
905 22801
911 46519
916 62593
920 47163
930 47371
933 47576
942 47708
944 47793
948 48189
951 48321
956 48641
962 48659
968 48771
975 49109
984 49563
994 49691
1001 49885
1004 42756
1009 11
1014 19486
1022 51340
1032 93906
1038 51917
1046 92545
1048 52903
1049 52985
1056 22378
1060 55810
1065 34998
1072 53586
1076 53753
1080 26033
1087 54054
1088 54195
1090 30062
1096 54841
1100 55025
1103 41464
1104 55473
1105 53416
1106 55942
1114 86145
1119 56223
1127 56349
1128 56630
1132 56791
1141 57011
1143 27212
1152 24484
1153 57679
1156 57840
1166 58253
1170 58527
1177 58601
1181 59023
1182 59112
1187 59702
1196 59793
1206 59873
1210 38703
1216 60786
1225 61170
1232 61713
1236 61967
1239 62150
1243 11680
1249 62352
1255 46998
1262 62648
1270 63510
1274 63843
1280 64270
1287 64448
1289 65053
1296 65111
1303 65218
1307 65408
1308 65636
1314 65681
1323 66116
1333 66756
1335 68962
1341 67333
1346 67700
1348 67949
1350 36039
1355 72939
1359 68665
1361 68797
1371 29818
1372 69379
1382 28677
1389 13250
1396 69939
1404 70260
1413 53855
1419 71176
1427 72028
1433 5060
1435 27455
1441 72432
1451 72607
1460 72356
1470 73080
1472 18813
1481 6976
1488 73559
1492 75625
1501 68046
1506 74691
1509 1594
1510 75438
1513 62164
1519 75834
1527 16701
1529 76528
1531 76779
1540 77335
1543 62304
1552 77675
1553 78320
1560 78356
1569 53502
1577 78634
1583 78921
1584 79129
1588 44935
1595 79975
1601 50391
1610 81379
1611 81672
1619 81991
1629 21450
1636 82563
1646 25383
1654 83527
1660 83867
1663 9760
1672 20731
1674 85191
1680 85531
1685 85612
1690 85851
1696 86280
1702 86316
1705 20610
1713 86707
1720 68275
1721 87664
1723 87762
1725 88111
1729 83913
1730 88638
1740 38899
1749 89061
1753 89695
1763 41436
1767 89972
1773 90260
1774 12364
1776 91053
1786 43093
1794 91623
1797 85645
1802 4768
1807 44241
1812 53449
1813 93543
1822 93612
1831 13411
1839 93771
1842 51681
1850 94190
1857 17166
1864 94662
1874 94801
1878 26697
1882 95578
1892 76212
1898 12068
1902 72302
1905 96224
1912 96401
1913 97005
1920 97346
1930 97665
1932 97987
1934 98217
1940 98746
1947 98959
1954 99488
1955 99693
1959 99953
1967 100066
1971 100731
1972 100835
1973 101030
1979 101293
1980 101664
1989 101917
1996 102040
2004 102173
2012 102211
2014 102287
2016 102416
2025 102666
2027 102900
2029 102972
2030 103493
2037 103736
2045 103845
2046 104147
2055 104200
2062 104329
2069 104524
2073 104881
2076 104956
2081 105285
2083 105454
2093 105635
2103 106136
2106 106355
2107 106629
2113 106834
2116 106894
2123 106957
2131 107177
2138 107724
2147 107962
2148 108233
2154 108490
2157 108818
2167 109012
2174 109317
2177 109378
2181 109654
2185 109807
2193 109937
2196 110185
2199 110303
2200 110557
2210 110609
2213 111001
2222 111162
2225 111415
2234 111620
2241 111890
2248 112238
2258 112502
2266 112580
2273 113051
2277 113609
2286 114647
2296 115235
2299 115374
2306 115670
2312 116531
2315 116644
2321 117230
2327 118179
2328 118488
2329 118793
2333 119144
2341 119458
2349 119674
2356 119823
2364 119944
2369 120290
2372 121060
2381 121096
2387 121278
2395 121403
2399 121694
2400 122455
2405 122578
2406 122644
2413 123218
2423 123692
2425 123742
2429 123951
2439 124528
2448 124953
2452 125281
2462 125490
2467 125731
2469 125897
2476 126073
2479 126305
2489 126384
2496 126493
2498 126871
2508 127208
2516 127495
2526 127728
2529 127774
2530 128584
2535 128721
2537 129309
2545 129701
2546 129784
2551 130125
2559 130393
2568 130526
2576 130697
2582 131058
2592 131197
2594 131768
2601 131898
2604 132275
2607 132452
2615 132595
2616 132975
2618 133047
2619 133513
2629 133705
2638 133891
2639 134086
2648 134611
2657 134722
2665 134778
2669 134941
2676 134958
2686 135032
2689 135149
2697 135434
2698 135726
2706 136172
2711 136321
2715 136780
2722 136959
2731 137056
2739 137554
2746 138339
2749 138394
2755 139156
2765 139330
2767 139565
2774 140060
2778 140344
2788 140369
2798 140609
2803 140643
2812 140698
2818 141013
2826 141756
2835 142393
2839 142799
2841 143110
2851 143535
2853 143622
2854 143942
2860 144056
2861 144205
2868 144288
2869 144543
2877 144717
2881 144767
2890 145015
2893 145037
2895 145281
2904 145612
2911 145720
2912 146110
2920 146388
2930 146740
2939 147057
2949 147626
2954 147867
2961 147981
2970 148239
2976 148336
2986 148426
2989 148596
2997 148700
3004 149339
3012 149694
3013 150209
3023 150321
3025 150768
3027 151017
3033 151246
3041 151253
3050 151519
3058 151704
3064 152163
3068 152356
3075 152488
3076 153340
3081 154111
3085 154286
3093 154478
3100 154661
3107 154920
3115 154987
3118 155222
3125 155455
3126 156341
3130 156453
3137 157363
3146 157593
3155 157639
3161 157981
3169 158258
3171 158383
3173 158799
3175 159130
3183 159318
3189 159728
3193 160015
3200 160525
3205 160532
3206 160759
3211 160935
3220 161617
3228 161662
3237 161894
3244 162670
3250 163078
3259 163330
3260 163824
3266 164349
3271 164937
3275 165127
3278 165327
3280 165461
3288 165585
3293 165977
3298 166720
3301 166999
3305 167038
3306 167384
3308 167743
3312 167890
3322 168208
3332 168240
3335 168358
3340 168563
3342 168926
3350 169890
3352 170494
3360 170587
3367 170707
3370 170962
3377 171726
3378 172275
3387 173115
3397 173492
3405 173504
3412 173977
3419 174345
3427 174479
3434 174704
3443 175315
3449 175548
3451 175827
3452 175986
3460 176287
3463 176478
3471 176588
3476 178094
3486 178158
3493 178349
3494 178480
3504 178987
3514 179691
3521 179804
3525 179865
3534 179945
3538 180258
3545 180512
3554 180970
3563 181495
3570 181617
3574 181658
3578 182155
3584 182521
3592 182891
3596 183395
3602 183571
3610 183607
3620 183704
3627 183964
3633 184445
3637 184549
3639 185004
3646 185128
3648 185562
3650 185803
3659 186230
3665 187244
3669 187564
3670 187608
3674 187723
3683 188051
3685 188236
3688 189405
3697 189741
3706 189865
3716 189994
3722 190202
3727 190420
3729 190891
3732 191379
3735 192500
3741 192985
3749 193584
3750 193963
3757 194131
3767 194736
3769 195189
3772 195528
3775 195590
3783 195799
3790 196229
3797 196749
3804 196913
3807 197349
3814 197550
3816 197852
3819 198120
3822 198541
3825 199044
3834 199143
3837 199604
3847 199841
3851 199855
