1000 3000000 100
0 744
5 422863
10 872855
17 72222
26 14528
31 1026086
35 1063335
36 33101
39 602179
49 35825
53 38772
63 420417
71 1494582
74 1053477
79 481669
84 873578
92 60650
98 628318
102 67356
105 1486667
114 74907
121 76134
128 924687
135 1205216
138 85793
148 88228
157 90271
161 290892
164 94258
165 157099
170 105504
179 371680
183 1394453
184 118730
192 120681
195 122099
203 849844
205 1199555
209 131727
210 138114
211 1013860
220 146841
222 147954
229 151128
230 124329
240 157784
246 1336015
248 159602
249 161182
250 161966
258 139621
263 171444
270 173705
275 176850
281 184248
283 700391
286 195722
295 868094
299 209233
301 205256
303 207370
304 649732
314 54985
320 216356
322 219953
330 223245
334 223974
341 229600
351 232441
361 232553
370 243872
379 236491
380 235808
383 246464
392 251019
398 349177
400 644751
406 257148
411 1506845
419 929672
423 1457196
427 274231
428 275217
435 904357
438 1305174
442 852195
451 286670
459 92622
461 295084
464 309385
469 300000
471 304051
474 44337
483 311257
491 1468362
497 315601
499 315776
501 317779
504 320635
506 325885
507 728886
508 337653
511 1506663
513 1383708
521 346881
527 377830
529 349294
536 354735
546 1255899
556 276302
564 958179
569 364160
575 1379391
577 691259
578 1061086
583 1269319
589 1168813
590 1209296
598 978490
601 358191
605 383015
609 1036552
611 393425
615 395336
620 400678
624 401805
630 405308
638 411933
639 416057
644 419939
646 46461
654 449406
664 434243
670 443849
671 446563
679 448418
689 1473146
692 451323
696 452349
703 454211
712 457112
716 1206312
718 464328
727 1409846
729 466677
738 471502
740 474592
750 478714
758 1373620
766 754904
776 490132
777 495560
787 1308741
793 501017
803 505202
805 505965
815 619577
820 510244
822 513998
829 1111353
834 519374
836 37730
845 525328
854 528705
860 533602
869 546119
879 539951
889 540396
892 541772
900 534638
905 548928
907 1121310
913 362319
914 1138270
922 201135
928 469719
930 570161
940 803881
944 580029
951 942527
952 119013
953 589487
959 601006
966 1130613
974 1241553
981 603582
985 609636
992 611885
994 613678
1003 617842
1012 630711
1022 63238
1026 1157776
1027 633791
1028 635446
1029 636902
1032 240323
1038 639112
1044 617915
1051 322253
1057 646148
1062 886112
1070 962127
1076 707371
1082 658535
1092 669195
1095 671319
1097 672892
1099 889377
1101 681268
1111 159042
1117 688235
1123 983172
1125 691005
1130 692200
1132 697662
1140 698943
1149 702413
1150 886956
1155 1084833
1165 707154
1171 707877
1177 709466
1185 711553
1191 715659
1197 720254
1205 720553
1208 33288
1218 1462574
1225 729896
1228 735445
1236 185477
1245 738196
1249 739639
1256 744677
1266 750040
1273 486659
1283 756466
1291 763104
1299 763609
1307 767185
1310 768257
1317 769660
1327 54174
1329 671714
1332 781446
1341 785309
1351 914295
1356 869224
1362 1236702
1371 792316
1375 798845
1377 800044
1379 574256
1387 804724
1388 771087
1396 810049
1400 815200
1402 345245
1409 849153
1417 824789
1419 171913
1422 829561
1429 833201
1438 834369
1445 837704
1448 839005
1451 65271
1456 842401
1463 1441958
1471 400423
1475 1390526
1484 847300
1485 736077
1491 852103
1501 854154
1502 856517
1507 857771
1517 861534
1525 1024279
1530 199675
1532 871754
1538 115929
1540 876517
1541 879450
1544 881250
1550 884904
1558 563642
1565 887928
1575 888745
1577 676001
1581 976664
1585 820543
1594 892614
1603 895988
1609 897560
1614 899921
1619 277214
1621 953426
1626 887988
1631 918677
1641 1149714
1649 1297783
1650 927552
1658 763337
1663 779747
1667 1394642
1676 935094
1683 938705
1688 12770
1696 556924
1700 950972
1702 494634
1708 956866
1709 552926
1719 959438
1729 650275
1737 1170118
1741 23271
1751 970045
1756 1329542
1757 1055985
1767 978794
1772 982553
1775 986474
1778 1027500
1785 992853
1786 999106
1792 1002171
1801 1006084
1802 1124236
1811 1429064
1821 1013975
1831 1016325
1835 1018769
1844 1020031
1848 1023727
1858 864538
1868 1026259
1869 1028071
1871 1030136
1874 1222342
1876 1031129
1883 1033070
1889 161289
1896 1042361
1898 922365
1905 837561
1907 1055108
1915 1055328
1918 131328
1924 370208
1932 1352818
1940 1063186
1946 222627
1952 541075
1959 1084699
1961 1086364
1966 1094034
1971 1096582
1976 1102091
1979 596386
1980 1108848
1990 759813
1994 1429023
1996 1117928
2004 1119848
2007 1120684
2009 1121331
2016 1008803
2025 1127962
2031 1130930
2033 1433170
2042 1135447
2048 1311683
2052 1139542
2055 1139725
2064 1143140
2067 1145453
2070 1145649
2075 570477
2080 1151310
2086 1154318
2094 56875
2096 1158329
2102 1161471
2108 1167711
2113 965966
2114 313491
2124 1174495
2127 1403902
2131 405350
2139 749284
2144 1189238
2150 1193812
2152 1197945
2158 1198445
2165 1328208
2172 297158
2182 462912
2189 1208314
2198 112544
2203 1213311
2210 1216361
2215 756087
2221 645715
2222 768751
2228 1265381
2234 1237641
2235 1240999
2243 1457870
2250 265097
2255 1247924
2257 1251846
2266 1371918
2273 1256356
2280 556547
2290 1259711
2291 1260721
2297 1264586
2306 825888
2309 1265588
2314 1268851
2316 1270070
2321 1274289
2328 348935
2335 1286883
2336 1289145
2341 1450488
2347 1293474
2349 1317260
2351 1300809
2352 279773
2356 1310793
2357 1316526
2364 1319511
2368 607917
2376 658325
2386 1328420
2393 1330531
2394 537386
2400 67753
2406 1336052
2409 1340296
2413 338770
2422 158552
2429 651766
2434 1352712
2437 1359122
2440 779211
2441 753094
2443 1370727
2453 1372710
2456 1373108
2458 540114
2459 366186
2464 1383447
2469 1383763
2475 1384583
2484 846005
2485 387274
2494 1396324
2499 1325606
2503 1506768
2510 1406467
2515 788660
2525 877981
2534 889857
2544 1418274
2554 1426451
2564 1113958
2569 1429145
2576 1431944
2579 1437096
2580 1439641
2585 1440685
2593 843227
2599 1446128
2603 1449611
2608 1292346
2616 271760
2623 728970
2627 1461997
2630 1464537
2632 1466425
2633 1468260
2637 708356
2642 1485101
2643 1478540
2647 1484814
2657 69085
2661 1493083
2667 1495445
2676 1153062
2684 1497440
2694 1500111
2696 339440
2702 257844
2706 1507555
2715 1509871
2721 1514016
2725 1515501
2735 1521248
2743 1524475
2751 1527680
2755 1528471
2762 1530411
2765 1534097
2771 1536343
2780 1538114
2783 1541310
2785 1541754
2795 1543594
2801 1545912
2811 1552085
2817 1556826
2823 1557568
2829 1559158
2837 1560345
2839 1562228
2848 1563880
2858 1565772
2865 1569066
2869 1569369
2871 1575281
2874 1579784
2875 1585857
2882 1586744
2883 1589292
2893 1598434
2897 1601301
2900 1604066
2910 1613763
2915 1618019
2923 1618504
2933 1625316
2937 1626559
2938 1627282
2948 1629163
2950 1632711
2959 1634894
2960 1637022
2965 1640890
2974 1644178
2981 1651656
2990 1653146
2997 1656346
3007 1660155
3012 1666019
3013 1669903
3019 1672084
3027 1677693
3029 1680750
3039 1681966
3049 1685743
3055 1686930
3065 1692654
3067 1699448
3069 1702266
3072 1704631
3074 1705644
3078 1709281
3081 1710487
3091 1712474
3093 1714317
3102 1716039
3103 1717597
3107 1723709
3110 1724155
3116 1726163
3121 1730560
3130 1734991
3133 1739150
3141 1743397
3142 1744015
3143 1746981
3149 1750274
3154 1752569
3159 1756204
3167 1757628
3174 1758785
3183 1762706
3191 1763344
3193 1764178
3197 1765376
3207 1766492
3209 1771509
3219 1775787
3223 1776249
3224 1780137
3228 1783256
3238 1784098
3242 1789997
3247 1794433
3257 1795718
3266 1799872
3272 1800402
3274 1807494
3275 1808890
3285 1809905
3294 1813080
3301 1814693
3304 1815300
3311 1817522
3316 1828362
3321 1828641
3323 1830353
3330 1835452
3339 1837131
3346 1840955
3354 1841821
3364 1842813
3368 1844079
3371 1848315
3380 1850451
3389 1852021
3399 1853532
3408 1854522
3413 1856288
3415 1860677
3422 1862571
3427 1869188
3435 1874390
3444 1877013
3454 1878386
3462 1880984
3463 1883362
3467 1885315
3471 1889355
3475 1890914
3480 1895165
3482 1897047
3485 1900765
3486 1906486
3491 1914311
3495 1919359
3502 1924441
3503 1931984
3504 1933467
3511 1936101
3512 1939323
3516 1940729
3526 1941608
3528 1947452
3538 1948818
3539 1951671
3540 1955415
3550 1961454
3556 1962323
3566 1968178
3568 1970927
3577 1975624
3584 1975801
3585 1977728
3590 1983221
3591 1987331
3593 1990171
3603 1992509
3605 1994226
3607 1997189
3608 2001714
3618 2005116
3620 2010457
3628 2015264
3637 2019905
3639 2022024
3640 2022584
3647 2025848
3649 2027979
3652 2031893
3658 2033168
3665 2037685
3668 2040408
3671 2045282
3678 2046722
3684 2048046
3692 2052430
3701 2055315
3705 2058673
3709 2065505
3715 2067859
3716 2069730
3725 2080219
3735 2081263
3744 2082289
3753 2084311
3762 2085023
3765 2091920
3774 2095660
3775 2096579
3784 2097726
3788 2099867
3789 2117462
3793 2121544
3799 2123598
3808 2126665
3813 2132770
3822 2132972
3823 2135910
3824 2140156
3834 2145106
3842 2146580
3843 2149647
3847 2151700
3855 2154042
3865 2155438
3868 2159304
3873 2159881
3874 2162795
3876 2167799
3879 2169020
3888 2170303
3892 2171607
3894 2174710
3900 2180764
3903 2180811
3909 2183306
3912 2184680
3921 2186402
3930 2187151
3931 2188998
3939 2189836
3941 2191658
3947 2192714
3953 2196127
3960 2201190
3963 2202930
3971 2208431
3980 2209595
3983 2212019
3989 2213807
3993 2215803
3999 2216331
4005 2218264
4008 2224839
4009 2227577
4017 2228767
4027 2230210
4029 2232007
4033 2236763
4038 2237818
4040 2241116
4045 2243232
4046 2244144
4056 2249262
4063 2252869
4073 2254977
4078 2257618
4085 2261462
4091 2268035
4094 2268618
4101 2276130
4105 2277723
4112 2282859
4116 2283951
4119 2285894
4125 2288391
4129 2289281
4139 2291332
4147 2300130
4155 2301554
4159 2302836
4165 2304747
4166 2309527
4169 2312419
4173 2312922
4180 2318397
4186 2320167
4190 2323815
4197 2324065
4200 2324527
4208 2326581
4213 2333189
4221 2336087
4228 2337451
4231 2338456
4232 2339189
4234 2343250
4236 2346498
4237 2349291
4244 2352704
4245 2356521
4252 2357464
4255 2358595
4264 2362613
4272 2374209
4276 2375520
4282 2376677
4288 2377939
4298 2380256
4303 2381402
4310 2389943
4315 2394377
4317 2397229
4320 2400980
4321 2407796
4331 2415344
4339 2416765
4341 2421069
4349 2421880
4356 2423942
4358 2427740
4361 2429313
4362 2433774
4369 2435165
4375 2438354
4382 2439357
4385 2446280
4388 2453235
4393 2456215
4397 2456481
4404 2457269
4411 2459890
4413 2463347
4421 2465169
4430 2468864
4440 2470256
4450 2473181
4456 2477764
4461 2480999
4471 2483357
4479 2486533
4487 2489512
4489 2493805
4497 2494536
4502 2503276
4506 2506909
4507 2507840
4509 2510207
4518 2512460
4526 2513488
4535 2523547
4544 2525348
4552 2526152
4560 2530237
4569 2531529
4572 2532084
4578 2533759
4585 2537260
4589 2538579
4598 2542083
4604 2543351
4613 2544221
4622 2546844
4631 2553345
4638 2555681
4645 2557302
4651 2562787
4661 2564123
4662 2565439
4665 2568372
4672 2573622
4681 2576971
4690 2578789
4691 2584372
4700 2589519
4702 2592152
4708 2595520
4710 2598231
4720 2604321
4727 2611157
4736 2613467
4744 2615951
4754 2619912
4764 2623570
4767 2626150
4777 2630714
4784 2631993
4786 2635549
4794 2640788
4797 2640968
4804 2646431
4814 2647706
4819 2650666
4825 2652936
4827 2655576
4829 2655978
4839 2658449
4840 2659981
4848 2661197
4854 2661559
4856 2661945
4861 2663040
4867 2665225
4877 2672048
4887 2675899
4896 2677170
4906 2684456
4916 2688147
4923 2692559
4927 2700219
4937 2705713
4940 2710338
4941 2713191
4948 2716311
4957 2717089
4964 2719475
4972 2719510
4979 2722733
4983 2725348
4986 2730187
4993 2731717
4998 2735494
5001 2737049
5006 2740343
5009 2742126
5017 2743949
5021 2748427
5024 2749841
5027 2752442
5029 2754837
5038 2755840
5047 2759067
5052 2761914
5060 2764481
5061 2767819
5070 2773835
5078 2775856
5082 2778988
5083 2786488
5090 2787408
5096 2788998
5099 2790796
5100 2794307
5107 2795737
5110 2800991
5113 2807054
5118 2810919
5120 2811279
5130 2817244
5135 2818738
5141 2822699
5151 2828130
5159 2830522
5169 2832304
5172 2835699
5176 2840138
5181 2840679
5183 2843375
5188 2844008
5191 2846834
5201 2848685
5211 2849363
5218 2849833
5226 2852966
5231 2856421
5237 2856595
5247 2858707
5250 2861899
5256 2864381
5262 2864845
5270 2865472
5274 2868846
5275 2871408
5276 2872843
5282 2874435
5288 2876597
5295 2879592
5300 2884141
5301 2886399
5303 2887602
5308 2890284
5311 2894546
5315 2895931
5323 2899696
5329 2904141
5338 2906112
5347 2909838
5350 2911872
5360 2914931
5365 2917675
5371 2918647
5378 2918928
5380 2921977
5387 2924505
5391 2929058
5396 2930935
5399 2931986
5404 2932879
5406 2934763
5410 2937228
5417 2938420
5420 2949110
5426 2951730
5431 2953368
5436 2956093
5441 2959030
5442 2960632
5451 2962507
5455 2963219
5461 2964897
5471 2974158
5481 2974788
5484 2976922
5489 2981141
5492 2983210
5501 2986458
5509 2988338
5515 2989919
5521 2993708
0 307574
5 10628
10 13050
17 13628
26 897009
31 23460
35 28382
36 507494
39 33658
49 520165
53 464926
63 48675
71 52768
74 211966
79 56147
84 59312
92 61672
98 841486
102 1334064
105 13210
114 1103303
121 81708
128 82221
135 84562
138 87337
148 89651
157 723315
161 93790
164 879661
165 105161
170 108700
179 1210660
183 118650
184 587772
192 230406
195 123718
203 124603
205 1059165
209 136750
210 378312
211 372724
220 147058
222 712476
229 155669
230 157705
240 611887
246 159120
248 927913
249 944711
250 1264943
258 1501452
263 140239
270 174871
275 843251
281 184702
283 188198
286 196284
295 200063
299 204831
301 207069
303 208484
304 211108
314 213154
320 216734
322 1076129
330 992361
334 224350
341 121659
351 232551
361 234668
370 235946
379 924283
380 246179
383 465635
392 251209
398 254061
400 255523
406 257376
411 259615
419 268843
423 271957
427 274605
428 359198
435 277638
438 926837
442 951788
451 287322
459 294622
461 295813
464 298367
469 303112
471 306395
474 1203796
483 311837
491 314724
497 315744
499 705438
501 317800
504 645714
506 735787
507 330904
508 1342084
511 340601
513 346623
521 348088
527 253100
529 350859
536 356038
546 358223
556 361058
564 1508985
569 364731
575 367689
577 519233
578 370358
583 108779
589 375193
590 166208
598 1076354
601 382183
605 386640
609 391029
611 394262
615 725514
620 400792
624 1431072
630 1183257
638 414694
639 418504
644 420328
646 7105
654 429654
664 436629
670 445580
671 550783
679 551384
689 450918
692 451548
696 453425
703 1192822
712 462833
716 463648
718 464553
727 250403
729 565807
738 473584
740 477958
750 480430
758 485016
766 489065
776 908659
777 496387
787 499862
793 501842
803 505516
805 506160
815 509364
820 814003
822 515007
829 369688
834 519594
836 521241
845 1374367
854 530917
860 533993
869 1333392
879 525689
889 1246491
892 543556
900 547549
905 549731
907 424499
913 1274187
914 945830
922 792027
928 567968
930 637348
940 577719
944 582783
951 587078
952 589067
953 590646
959 596388
966 597431
974 33507
981 1321830
985 1282087
992 1346433
994 617432
1003 643799
1012 885125
1022 629632
1026 632228
1027 635406
1028 635567
1029 637272
1032 637417
1038 642167
1044 255496
1051 1223078
1057 648529
1062 650028
1070 845103
1076 1327182
1082 669000
1092 1366942
1095 1245477
1097 674776
1099 677283
1101 684459
1111 687218
1117 688251
1123 690304
1125 368160
1130 695145
1132 932391
1140 1172756
1149 702428
1150 705408
1155 990383
1165 1052309
1171 1468477
1177 779526
1185 148755
1191 715943
1197 720412
1205 722618
1208 844853
1218 858370
1225 730361
1228 328708
1236 737184
1245 739521
1249 742730
1256 1186870
1266 1211768
1273 911838
1283 518412
1291 804301
1299 765870
1307 767937
1310 1233274
1317 805765
1327 710107
1329 781444
1332 784843
1341 785995
1351 1407142
1356 789781
1362 565733
1371 798133
1375 799152
1377 800505
1379 1424456
1387 804892
1388 807950
1396 513049
1400 816216
1402 818974
1409 824056
1417 824813
1419 897694
1422 831595
1429 833481
1438 1053020
1445 838242
1448 839722
1451 788245
1456 843041
1463 183410
1471 1347995
1475 846576
1484 891863
1485 981992
1491 1470657
1501 855793
1502 857046
1507 1458575
1517 863203
1525 864643
1530 789339
1532 872437
1538 1156983
1540 926817
1541 95303
1544 883446
1550 1380381
1558 703568
1565 1219940
1575 889322
1577 889851
1581 890569
1585 892470
1594 893739
1603 21381
1609 827804
1614 900007
1619 902143
1621 908793
1626 841780
1631 652988
1641 82090
1649 279982
1650 159878
1658 928821
1663 930841
1667 934330
1676 936246
1683 582954
1688 945826
1696 948301
1700 284352
1702 953434
1708 958065
1709 958212
1719 959513
1729 965693
1737 994661
1741 968925
1751 971630
1756 974686
1757 379532
1767 850465
1772 689454
1775 989413
1778 223856
1785 967256
1786 1001533
1792 1004834
1801 1006453
1802 1010590
1811 1333416
1821 1015357
1831 1016918
1835 1019780
1844 1021645
1848 1023924
1858 967807
1868 707144
1869 1028950
1871 1030519
1874 1031106
1876 1031932
1883 1034110
1889 1041646
1896 1050516
1898 1052398
1905 1361954
1907 1055292
1915 1415514
1918 1059655
1924 1061089
1932 1062657
1940 25096
1946 379632
1952 1078211
1959 316091
1961 1103209
1966 1095026
1971 1097865
1976 1087312
1979 1107238
1980 1111150
1990 1113139
1994 1117786
1996 1118047
2004 1120101
2007 446975
2009 1124037
2016 1126580
2025 596715
2031 1131147
2033 1133042
2042 1136416
2048 1138394
2052 1139618
2055 1142597
2064 1143682
2067 1145543
2070 1145687
2075 1150483
2080 1496094
2086 1156412
2094 91807
2096 1159947
2102 1163441
2108 146700
2113 1170845
2114 1174056
2124 1174597
2127 1176677
2131 1186405
2139 1189212
2144 455281
2150 1195731
2152 1198428
2158 1198600
2165 1201908
2172 83675
2182 1208197
2189 1278537
2198 670838
2203 1214024
2210 1218071
2215 1030718
2221 1225230
2222 1233932
2228 1237437
2234 1238665
2235 75347
2243 1244637
2250 1077451
2255 1251247
2257 1253149
2266 1256198
2273 1257923
2280 1259137
2290 1259931
2291 1264254
2297 1264691
2306 790904
2309 1265837
2314 697767
2316 552991
2321 1277892
2328 610397
2335 1287111
2336 1291354
2341 1293396
2347 1295428
2349 3837
2351 1303667
2352 498427
2356 1258320
2357 1296514
2364 1320583
2368 1176601
2376 124664
2386 972338
2393 1332431
2394 163139
2400 686176
2406 1337010
2409 1341403
2413 1342582
2422 1347794
2429 1351631
2434 1062307
2437 1360803
2440 1366784
2441 1367808
2443 380062
2453 1373086
2456 54994
2458 1378663
2459 620975
2464 818777
2469 1383935
2475 1387798
2484 1391372
2485 370703
2494 1399387
2499 1405202
2503 1406340
2510 1407043
2515 1407632
2525 1410659
2534 1415985
2544 928797
2554 1427358
2564 1012561
2569 401961
2576 1131259
2579 1437842
2580 1440025
2585 1441329
2593 1445917
2599 1446679
2603 1450037
2608 1457094
2616 1242890
2623 1459346
2627 328819
2630 1465164
2632 1467441
2633 166302
2637 1507242
2642 1473488
2643 1478573
2647 450749
2657 1491889
2661 51674
2667 1495851
2676 1496915
2684 1499584
2694 104705
2696 1405421
2702 282041
2706 363768
2715 1512233
2721 1515280
2725 1520968
2735 1523346
2743 1525088
2751 1527778
2755 1529078
2762 1531532
2765 1534271
2771 1537876
2780 1539078
2783 1541746
2785 1543280
2795 1543833
2801 1546990
2811 1554227
2817 1557024
2823 1558997
2829 1560218
2837 1560860
2839 1563387
2848 1564789
2858 1567642
2865 1569132
2869 1573110
2871 1575530
2874 1583705
2875 1586516
2882 1589133
2883 1597492
2893 1599123
2897 1603200
2900 1610807
2910 1616088
2915 1618164
2923 1622483
2933 1625569
2937 1627234
2938 1629121
2948 1631851
2950 1634808
2959 1635620
2960 1640802
2965 1642010
2974 1648975
2981 1651689
2990 1654938
2997 1656432
3007 1663457
3012 1666798
3013 1671836
3019 1674288
3027 1678092
3029 1681908
3039 1685515
3049 1686623
3055 1691229
3065 1694420
3067 1702231
3069 1703452
3072 1705195
3074 1707405
3078 1710201
3081 1711441
3091 1713327
3093 1714732
3102 1717580
3103 1719651
3107 1723776
3110 1725930
3116 1726913
3121 1732129
3130 1736944
3133 1743025
3141 1743779
3142 1745748
3143 1747900
3149 1750921
3154 1755086
3159 1756961
3167 1757770
3174 1760164
3183 1763032
3191 1763463
3193 1764884
3197 1765742
3207 1768168
3209 1775026
3219 1775818
3223 1778454
3224 1781600
3228 1783304
3238 1784305
3242 1792448
3247 1794524
3257 1795986
3266 1800395
3272 1802229
3274 1807734
3275 1809561
3285 1810661
3294 1814504
3301 1815198
3304 1816503
3311 1826699
3316 1828464
3321 1829900
3323 1831397
3330 1835792
3339 1837449
3346 1841693
3354 1842245
3364 1843029
3368 1845794
3371 1848979
3380 1851939
3389 1852467
3399 1854228
3408 1856272
3413 1857000
3415 1861109
3422 1863420
3427 1871807
3435 1874970
3444 1877727
3454 1879569
3462 1881341
3463 1884684
3467 1887416
3471 1890185
3475 1892734
3480 1895878
3482 1898899
3485 1901492
3486 1908898
3491 1916422
3495 1919788
3502 1927550
3503 1933021
3504 1935366
3511 1939245
3512 1940625
3516 1941215
3526 1942986
3528 1948352
3538 1950111
3539 1955393
3540 1959444
3550 1961824
3556 1963763
3566 1968627
3568 1971425
3577 1975686
3584 1976458
3585 1982897
3590 1986698
3591 1987813
3593 1992350
3603 1993052
3605 1995045
3607 1999420
3608 2003396
3618 2005610
3620 2014387
3628 2015966
3637 2021696
3639 2022226
3640 2023170
3647 2027926
3649 2029012
3652 2033052
3658 2036814
3665 2039080
3668 2042563
3671 2046578
3678 2047047
3684 2049175
3692 2055063
3701 2056052
3705 2059040
3709 2066177
3715 2068965
3716 2069935
3725 2080969
3735 2081756
3744 2083282
3753 2084862
3762 2090438
3765 2094329
3774 2096221
3775 2097588
3784 2098995
3788 2117109
3789 2120918
3793 2121677
3799 2124749
3808 2130032
3813 2132893
3822 2134337
3823 2138641
3824 2143886
3834 2145962
3842 2147095
3843 2151068
3847 2152734
3855 2154474
3865 2157525
3868 2159370
3873 2160736
3874 2167720
3876 2168122
3879 2169865
3888 2171387
3892 2174408
3894 2177799
3900 2180782
3903 2182620
3909 2184526
3912 2185982
3921 2186635
3930 2188907
3931 2189447
3939 2191454
3941 2191846
3947 2194117
3953 2196730
3960 2201764
3963 2208302
3971 2209295
3980 2211941
3983 2212476
3989 2214978
3993 2216069
3999 2217713
4005 2218420
4008 2225666
4009 2227781
4017 2229260
4027 2231416
4029 2233633
4033 2237115
4038 2239547
4040 2242051
4045 2243539
4046 2244898
4056 2249357
4063 2254321
4073 2257396
4078 2258920
4085 2264514
4091 2268287
4094 2270925
4101 2277302
4105 2278905
4112 2283525
4116 2285862
4119 2288228
4125 2289179
4129 2289973
4139 2299425
4147 2300617
4155 2302271
4159 2302855
4165 2309262
4166 2309800
4169 2312658
4173 2315808
4180 2319477
4186 2323029
4190 2323964
4197 2324162
4200 2325047
4208 2332318
4213 2335661
4221 2337003
4228 2337975
4231 2339069
4232 2339672
4234 2345651
4236 2348819
4237 2350531
4244 2353619
4245 2357156
4252 2358519
4255 2361699
4264 2372149
4272 2374511
4276 2375531
4282 2377345
4288 2379860
4298 2380573
4303 2384383
4310 2391587
4315 2396532
4317 2397262
4320 2401651
4321 2414983
4331 2416711
4339 2417715
4341 2421486
4349 2423119
4356 2427560
4358 2428700
4361 2431766
4362 2433967
4369 2437663
4375 2439235
4382 2444417
4385 2449975
4388 2455004
4393 2456271
4397 2456752
4404 2459182
4411 2461769
4413 2465117
4421 2467329
4430 2469228
4440 2472380
4450 2477198
4456 2480409
4461 2481926
4471 2484272
4479 2489285
4487 2492607
4489 2494250
4497 2498994
4502 2506108
4506 2507249
4507 2509952
4509 2511665
4518 2513016
4526 2519700
4535 2525258
4544 2525742
4552 2529759
4560 2530371
4569 2532013
4572 2533349
4578 2534804
4585 2537767
4589 2540247
4598 2543322
4604 2544182
4613 2544852
4622 2547775
4631 2554496
4638 2556350
4645 2559290
4651 2562820
4661 2564213
4662 2567151
4665 2570344
4672 2573996
4681 2577584
4690 2582603
4691 2587760
4700 2590769
4702 2593739
4708 2597061
4710 2603758
4720 2606050
4727 2611976
4736 2613768
4744 2617642
4754 2621881
4764 2624193
4767 2629666
4777 2631779
4784 2633697
4786 2639693
4794 2640817
4797 2641002
4804 2646864
4814 2650594
4819 2650875
4825 2653865
4827 2655634
4829 2657554
4839 2658822
4840 2659995
4848 2661539
4854 2661641
4856 2662321
4861 2663498
4867 2670867
4877 2675485
4887 2676922
4896 2680520
4906 2686006
4916 2688615
4923 2693794
4927 2700711
4937 2708853
4940 2710723
4941 2714547
4948 2717015
4957 2717756
4964 2719476
4972 2720401
4979 2724308
4983 2725568
4986 2730376
4993 2735093
4998 2736230
5001 2739626
5006 2741981
5009 2742962
5017 2746508
5021 2749049
5024 2752059
5027 2752955
5029 2755207
5038 2757244
5047 2761651
5052 2762152
5060 2764504
5061 2769977
5070 2775211
5078 2778567
5082 2779248
5083 2787274
5090 2788197
5096 2789915
5099 2793347
5100 2795480
5107 2800582
5110 2803658
5113 2810558
5118 2811119
5120 2815127
5130 2818630
5135 2820245
5141 2824196
5151 2830071
5159 2831940
5169 2832461
5172 2836051
5176 2840418
5181 2842827
5183 2843732
5188 2846206
5191 2848056
5201 2849168
5211 2849511
5218 2851873
5226 2855338
5231 2856556
5237 2858249
5247 2859753
5250 2863905
5256 2864844
5262 2864848
5270 2865518
5274 2870746
5275 2871630
5276 2873366
5282 2874997
5288 2876833
5295 2883330
5300 2884623
5301 2886550
5303 2888135
5308 2893685
5311 2895689
5315 2897522
5323 2903873
5329 2905858
5338 2909329
5347 2910291
5350 2913135
5360 2916378
5365 2918417
5371 2918746
5378 2919266
5380 2923149
5387 2925165
5391 2929835
5396 2931436
5399 2932260
5404 2933970
5406 2936305
5410 2937696
5417 2940241
5420 2949376
5426 2953098
5431 2953735
5436 2956405
5441 2959640
5442 2961296
5451 2963159
5455 2964714
5461 2971580
5471 2974507
5481 2974833
5484 2979207
5489 2982493
5492 2986060
5501 2986535
5509 2989234
5515 2990468
5521 2997132
