100 10000 70
0 36
5 146
14 283
16 509
18 3395
20 635
29 1245
37 2843
41 4116
49 1055
59 1127
68 1276
73 3369
75 1447
77 3576
79 1580
87 1630
91 1669
95 3118
104 1870
110 2039
113 2147
121 1568
125 3537
134 4608
143 2709
149 4566
157 787
161 1695
168 2932
171 3141
176 781
185 612
188 2488
193 3569
201 3580
211 3695
214 3823
223 3937
224 3961
234 966
238 4175
243 4235
245 4328
251 2079
252 2675
255 4584
261 4662
268 4799
271 2783
272 5101
279 5283
286 5294
296 5440
304 5529
305 5626
309 5648
318 5737
328 5787
336 5820
345 5895
352 5936
362 6005
368 6098
372 6140
373 6247
377 6293
379 6553
386 6778
389 6977
395 7015
404 7080
411 7265
419 7300
424 7499
427 7551
429 7656
438 7896
440 7949
443 7990
452 8048
455 8202
460 8224
467 8270
468 8372
471 8441
481 8468
487 8537
497 8560
500 8731
501 8807
508 8873
513 9018
521 9132
529 9242
539 9285
540 9547
548 9663
553 9743
560 9931
0 64
5 2467
14 394
16 580
18 618
20 697
29 4167
37 869
41 1030
49 4682
59 1355
68 4860
73 2715
75 1495
77 2372
79 1867
87 1635
91 2892
95 1619
104 1921
110 4462
113 2312
121 191
125 2495
134 4491
143 1433
149 1340
157 2886
161 2929
168 1717
171 3280
176 3373
185 3482
188 3557
193 1558
201 3634
211 3809
214 3927
223 3942
224 2591
234 783
238 4182
243 4264
245 4379
251 4463
252 2778
255 4036
261 1087
268 4912
271 4985
272 5259
279 5288
286 5351
296 5511
304 5572
305 5642
309 5691
318 5751
328 5806
336 5883
345 5922
352 6003
362 6085
368 6111
372 6242
373 6250
377 6302
379 6651
386 6867
389 6994
395 7036
404 7143
411 7285
419 7472
424 7538
427 7649
429 7661
438 7911
440 7967
443 7993
452 8191
455 8206
460 8268
467 8347
468 8391
471 8443
481 8522
487 8551
497 8695
500 8776
501 8859
508 8966
513 9103
521 9161
529 9276
539 9415
540 9625
548 9712
553 9803
560 9938
